id,ACTION
1,0.991938
2,0.959516
3,0.978006
4,0.951315
5,0.987206
6,0.999993
7,0.980487
8,0.996415
9,0.942903
10,0.979993
11,0.956904
12,0.964007
13,0.986097
14,0.962178
15,0.994979
16,0.964662
17,0.845048
18,0.999998
19,0.987381
20,0.991531
21,0.968570
22,0.918268
23,0.981557
24,0.991570
25,0.988491
26,0.974323
27,0.988280
28,0.992479
29,0.911205
30,0.916185
31,0.997444
32,0.997056
33,0.931000
34,0.919270
35,0.999989
36,0.999990
37,0.950661
38,0.954552
39,0.959567
40,0.994675
41,1.000000
42,0.934607
43,0.977905
44,0.996223
45,0.455333
46,0.670807
47,0.860273
48,0.959906
49,0.959979
50,1.000000
51,0.919959
52,0.946572
53,0.975051
54,0.982487
55,0.878682
56,0.993100
57,0.742811
58,0.990095
59,0.985034
60,0.997087
61,0.999986
62,0.997052
63,0.989058
64,0.959966
65,0.985918
66,0.959484
67,0.989062
68,0.984376
69,0.994100
70,0.919144
71,0.938858
72,0.909449
73,0.613507
74,0.945070
75,0.997273
76,0.982632
77,0.969022
78,0.966833
79,0.932605
80,0.926481
81,0.999986
82,0.651387
83,0.987292
84,0.950549
85,0.896475
86,0.991299
87,0.845048
88,0.974046
89,0.518799
90,0.857927
91,0.976361
92,0.920863
93,0.977195
94,0.956947
95,0.334104
96,0.950784
97,0.956807
98,0.966711
99,0.928938
100,0.994577
101,0.986742
102,0.964855
103,0.855004
104,0.955770
105,0.737161
106,0.892310
107,0.996178
108,0.842153
109,0.968600
110,0.963651
111,0.918621
112,0.999991
113,0.929014
114,0.955022
115,0.943249
116,0.975525
117,0.963784
118,0.990605
119,0.858195
120,0.984954
121,0.968626
122,0.934557
123,0.953215
124,0.991267
125,0.953633
126,0.964454
127,0.988596
128,0.954084
129,0.962510
130,0.943280
131,0.322719
132,0.985197
133,0.905281
134,0.959167
135,0.953748
136,0.919282
137,0.990667
138,0.999981
139,0.965912
140,0.955659
141,0.983329
142,0.982081
143,0.969817
144,0.986881
145,0.986947
146,0.948648
147,0.971363
148,0.980244
149,0.810832
150,0.989055
151,0.871950
152,0.999996
153,0.983534
154,0.987768
155,0.351563
156,0.891846
157,0.989802
158,0.999986
159,0.919039
160,0.970115
161,0.951750
162,0.996681
163,0.999987
164,0.973640
165,0.984468
166,0.994643
167,0.984009
168,0.817110
169,0.954261
170,0.922904
171,0.979593
172,0.984793
173,0.946575
174,0.995731
175,0.967114
176,0.985161
177,0.984376
178,0.983022
179,0.983672
180,0.997096
181,0.898494
182,0.975887
183,0.976928
184,0.811191
185,0.993768
186,0.999989
187,0.979915
188,0.983562
189,0.978498
190,0.987561
191,0.951238
192,0.970671
193,0.967862
194,0.959950
195,0.996023
196,0.918437
197,0.964082
198,0.999993
199,0.966122
200,0.947060
201,0.976640
202,0.962378
203,0.942486
204,0.933429
205,0.982479
206,0.415366
207,0.999981
208,0.985360
209,0.953495
210,0.914589
211,0.976167
212,0.968802
213,0.997362
214,0.996988
215,0.947754
216,0.978199
217,0.984992
218,0.932697
219,0.989739
220,0.959738
221,0.967395
222,0.994436
223,0.973184
224,0.890999
225,0.934661
226,0.985281
227,0.963077
228,0.983260
229,0.956331
230,0.944895
231,0.997191
232,0.976955
233,0.957977
234,0.976257
235,0.960741
236,0.888824
237,0.870049
238,0.996321
239,0.931831
240,0.961019
241,0.897374
242,0.965739
243,0.941087
244,0.886612
245,0.982731
246,0.919091
247,0.964935
248,0.974888
249,0.566365
250,0.993086
251,0.825768
252,0.954136
253,0.999991
254,0.989111
255,0.955040
256,0.975872
257,0.953861
258,0.954382
259,0.994971
260,0.970466
261,0.834418
262,0.986588
263,0.992105
264,0.987509
265,0.987192
266,0.916589
267,0.987405
268,0.988769
269,0.889051
270,0.956169
271,0.999995
272,0.979397
273,0.974717
274,0.982050
275,0.984448
276,0.972547
277,0.994428
278,0.996928
279,0.958913
280,0.997460
281,0.946493
282,0.975503
283,0.992874
284,0.995645
285,0.983907
286,0.991983
287,0.991115
288,0.992543
289,0.865557
290,0.925191
291,0.999993
292,0.997230
293,0.999998
294,0.970107
295,0.938858
296,0.999986
297,0.929253
298,0.983128
299,0.938067
300,0.981473
301,0.979508
302,0.968792
303,0.994667
304,0.969602
305,0.904880
306,0.981011
307,0.831174
308,0.939258
309,0.500000
310,0.878767
311,0.984136
312,0.960476
313,0.968694
314,0.959464
315,0.994615
316,0.909382
317,0.959291
318,0.942257
319,0.993088
320,0.952303
321,0.964770
322,0.988544
323,0.972583
324,0.992427
325,0.932264
326,0.959927
327,0.957005
328,0.971388
329,0.971621
330,0.975276
331,0.999984
332,0.930247
333,0.976674
334,0.994928
335,0.975528
336,0.985163
337,0.934094
338,0.983117
339,0.957638
340,0.957967
341,0.999995
342,0.869073
343,0.991179
344,0.997358
345,0.997012
346,0.995641
347,0.943873
348,0.947612
349,0.987697
350,0.983617
351,0.996816
352,0.992593
353,0.963175
354,0.837569
355,0.979484
356,0.993740
357,0.993619
358,0.988982
359,0.992627
360,0.987637
361,0.994058
362,0.960559
363,0.961158
364,0.969092
365,0.909260
366,0.959795
367,0.976986
368,0.995544
369,0.968547
370,0.966300
371,0.960721
372,0.980159
373,0.991307
374,0.969665
375,0.944223
376,0.972929
377,0.982955
378,0.976742
379,0.935309
380,0.993067
381,0.993798
382,0.982097
383,0.918688
384,0.951337
385,0.953421
386,0.989585
387,0.977379
388,0.972350
389,0.996500
390,0.973503
391,0.946071
392,0.952985
393,0.986099
394,0.981494
395,0.557586
396,0.969360
397,0.248501
398,0.979737
399,0.924085
400,0.923830
401,0.973181
402,0.991072
403,0.977556
404,0.969012
405,0.988147
406,0.992048
407,0.941735
408,0.996698
409,0.988673
410,0.936799
411,0.958147
412,0.996489
413,0.981832
414,0.999992
415,0.991409
416,0.780393
417,0.984589
418,0.986779
419,0.995267
420,0.999987
421,0.989872
422,0.961159
423,0.974154
424,0.993611
425,0.988907
426,0.959804
427,0.989414
428,0.932703
429,0.993150
430,0.991125
431,0.983510
432,0.964662
433,0.996038
434,0.933088
435,0.988267
436,0.984000
437,0.934790
438,0.983573
439,0.988310
440,0.984999
441,0.949348
442,0.932542
443,0.947747
444,0.972676
445,0.953215
446,0.993116
447,0.995346
448,0.953619
449,0.958327
450,0.928588
451,0.964419
452,0.999982
453,0.966543
454,0.980402
455,0.993152
456,0.959804
457,0.902226
458,0.978128
459,0.815587
460,0.951337
461,0.960531
462,0.951686
463,0.936330
464,0.992005
465,0.995852
466,0.888891
467,0.977307
468,0.976992
469,0.957419
470,0.964596
471,0.976681
472,0.958638
473,0.999989
474,0.648178
475,0.992191
476,0.945385
477,0.973822
478,0.982729
479,0.962330
480,0.977220
481,0.959824
482,0.980217
483,0.947483
484,0.901968
485,0.933794
486,0.946805
487,0.949605
488,0.936180
489,0.939158
490,0.979191
491,0.967377
492,0.958046
493,0.971643
494,0.969760
495,0.969109
496,0.970046
497,0.954762
498,0.964330
499,0.961131
500,0.968506
501,0.993114
502,0.993383
503,0.986937
504,0.996660
505,0.955640
506,0.980817
507,0.958480
508,0.995120
509,0.911473
510,0.796073
511,0.958064
512,0.999991
513,0.973868
514,0.446692
515,0.999990
516,0.974699
517,0.995464
518,0.995622
519,0.956426
520,0.744166
521,0.946057
522,0.990986
523,0.971125
524,0.959787
525,0.995089
526,0.977270
527,0.916185
528,0.995745
529,0.951304
530,0.963217
531,0.996059
532,0.999986
533,0.999996
534,0.968885
535,0.892344
536,0.613507
537,0.985106
538,0.964933
539,0.859864
540,0.992873
541,0.974453
542,0.633851
543,0.994136
544,0.926211
545,0.993070
546,0.984912
547,0.928937
548,0.969022
549,0.840245
550,0.968396
551,0.989832
552,0.795682
553,0.999983
554,0.994684
555,0.989262
556,0.940282
557,0.971663
558,0.971964
559,0.378044
560,0.914674
561,0.976928
562,0.871199
563,0.984589
564,0.977559
565,0.985928
566,0.999988
567,0.987869
568,0.852408
569,0.859118
570,0.990545
571,0.917581
572,0.936353
573,0.999991
574,0.993619
575,0.952439
576,0.572856
577,0.964359
578,0.951833
579,0.996574
580,0.964332
581,0.999986
582,0.991309
583,0.935006
584,0.985611
585,0.941614
586,0.979836
587,0.952398
588,0.965292
589,0.997219
590,0.997242
591,0.993446
592,0.544278
593,0.500000
594,0.991178
595,0.978545
596,0.679665
597,0.915873
598,0.974717
599,0.963428
600,0.966031
601,0.999999
602,0.957194
603,0.917619
604,0.983693
605,0.955025
606,0.181203
607,0.928732
608,0.975982
609,0.941414
610,0.956708
611,0.966150
612,0.948770
613,0.936173
614,0.969458
615,0.979739
616,0.960249
617,0.983540
618,0.985712
619,0.996536
620,0.905054
621,0.985252
622,0.976306
623,0.916345
624,0.547787
625,0.984408
626,0.972703
627,0.976791
628,0.934426
629,0.240810
630,0.968008
631,0.802568
632,0.602303
633,0.971174
634,0.969131
635,0.958689
636,0.979434
637,0.999987
638,0.934725
639,0.965430
640,0.983757
641,0.934875
642,0.999989
643,0.932418
644,0.995217
645,0.968008
646,0.925675
647,0.999987
648,0.982041
649,0.978216
650,0.979865
651,0.999990
652,0.972358
653,0.786037
654,0.968040
655,0.962684
656,0.986507
657,0.966978
658,0.967799
659,0.993490
660,0.961172
661,0.691720
662,0.958688
663,0.985512
664,0.976658
665,0.649470
666,0.975276
667,0.977945
668,0.972919
669,0.996594
670,0.959673
671,0.974750
672,0.914013
673,0.999998
674,0.975276
675,0.984125
676,0.878800
677,1.000000
678,0.996353
679,0.995230
680,0.983401
681,0.960232
682,0.982898
683,0.995789
684,0.995004
685,0.988169
686,0.944741
687,0.949819
688,0.999996
689,0.909363
690,0.957163
691,0.932288
692,0.981954
693,0.933123
694,0.908616
695,0.964411
696,0.942083
697,0.982659
698,0.886607
699,0.971134
700,0.969121
701,0.964199
702,0.989510
703,0.961269
704,0.975229
705,0.974717
706,0.407710
707,0.987128
708,0.934560
709,0.977463
710,0.967404
711,0.909878
712,0.992329
713,0.936998
714,0.963205
715,0.987023
716,0.988676
717,0.999982
718,0.943845
719,0.994577
720,0.872885
721,0.993225
722,0.949494
723,0.981879
724,0.984001
725,0.986163
726,0.995254
727,0.865620
728,0.995092
729,0.957631
730,0.957269
731,0.974498
732,0.999989
733,0.966600
734,0.996667
735,0.994197
736,0.950106
737,0.960209
738,0.987877
739,0.988766
740,0.934447
741,0.976915
742,0.996681
743,0.970841
744,0.961811
745,0.945641
746,0.989570
747,0.958913
748,0.969824
749,0.987252
750,0.964713
751,0.926335
752,0.957977
753,0.991835
754,0.965556
755,0.988832
756,0.971549
757,0.952995
758,0.968331
759,0.949689
760,0.996384
761,0.993504
762,0.966493
763,0.999987
764,0.069298
765,0.958276
766,0.986558
767,0.992191
768,0.971116
769,0.926247
770,0.975642
771,0.973220
772,0.979866
773,0.970464
774,0.999992
775,0.992563
776,0.984263
777,0.965192
778,0.956425
779,0.999989
780,0.980718
781,0.918528
782,0.975051
783,0.973695
784,0.977377
785,0.999994
786,0.990516
787,0.995990
788,0.530686
789,0.948604
790,0.944664
791,0.939831
792,0.975213
793,0.996036
794,0.695093
795,0.968107
796,0.997150
797,0.999996
798,0.960735
799,0.971764
800,0.955320
801,0.947118
802,0.980861
803,0.967595
804,0.979848
805,0.970756
806,0.918392
807,0.985137
808,0.993383
809,0.982379
810,0.961168
811,0.949915
812,0.949581
813,0.978669
814,0.912738
815,0.993519
816,0.924583
817,0.986260
818,0.920937
819,0.395280
820,0.994608
821,0.968892
822,0.869725
823,0.983552
824,0.415751
825,0.988666
826,0.952037
827,0.948145
828,0.951810
829,0.962982
830,0.861225
831,0.961965
832,0.911801
833,0.550544
834,0.977947
835,0.917826
836,0.957472
837,0.917584
838,0.978660
839,0.983731
840,0.976097
841,0.984301
842,0.977080
843,0.911781
844,0.974819
845,0.981863
846,0.922055
847,0.999997
848,0.977746
849,0.972537
850,0.514390
851,0.277114
852,0.910669
853,0.859390
854,0.970689
855,0.969944
856,0.968226
857,0.994227
858,0.969833
859,0.920749
860,0.961149
861,0.972139
862,0.971004
863,0.999986
864,0.966142
865,0.938218
866,0.982191
867,0.955913
868,0.974650
869,0.982562
870,0.984809
871,0.981098
872,0.906112
873,0.990229
874,0.966348
875,0.996097
876,0.982503
877,0.935417
878,0.990731
879,0.968804
880,0.969948
881,0.965277
882,0.978598
883,0.962644
884,0.940792
885,0.920749
886,0.988835
887,0.961893
888,0.961179
889,0.999991
890,0.972299
891,0.996614
892,0.992105
893,0.995774
894,0.954653
895,0.959929
896,0.948719
897,0.999982
898,0.165056
899,0.978674
900,0.945085
901,0.982192
902,0.959365
903,0.983344
904,0.973897
905,0.996156
906,0.978368
907,0.619186
908,0.995003
909,0.995448
910,0.953433
911,0.948182
912,0.972985
913,0.993819
914,0.975930
915,0.946071
916,0.861225
917,0.982918
918,0.990981
919,0.954637
920,0.962038
921,0.969471
922,0.678509
923,0.972268
924,0.999995
925,0.673910
926,0.997356
927,0.949891
928,0.997341
929,0.991759
930,0.976164
931,0.986867
932,0.958709
933,0.980383
934,0.929694
935,0.972866
936,0.999989
937,0.991485
938,0.913503
939,0.978418
940,0.958064
941,0.993952
942,0.952851
943,0.984237
944,0.941925
945,0.950545
946,0.850151
947,0.996259
948,0.968753
949,0.983203
950,0.975261
951,0.977166
952,0.897356
953,0.939808
954,0.993423
955,0.937407
956,0.920740
957,0.982928
958,0.270308
959,0.948548
960,0.959728
961,0.970708
962,0.908852
963,0.968050
964,0.994646
965,0.953774
966,0.956241
967,0.922913
968,0.965754
969,0.736515
970,0.945311
971,0.932257
972,0.989874
973,0.975679
974,0.859126
975,0.984377
976,0.972986
977,0.953088
978,0.921446
979,0.989371
980,0.967344
981,0.983156
982,0.941803
983,0.972557
984,0.202494
985,0.938863
986,0.974579
987,0.897607
988,0.968028
989,0.946967
990,0.983287
991,0.978532
992,0.984861
993,0.936288
994,0.992639
995,0.992935
996,0.975409
997,0.973819
998,0.995013
999,0.975671
1000,0.844353
1001,0.547364
1002,0.924468
1003,0.995110
1004,0.995881
1005,0.851295
1006,0.988127
1007,0.623074
1008,0.952123
1009,0.955261
1010,0.999981
1011,0.919010
1012,0.801187
1013,0.983552
1014,0.961811
1015,0.964685
1016,0.903278
1017,0.977788
1018,0.999982
1019,0.893395
1020,0.961116
1021,0.999994
1022,0.966930
1023,0.907056
1024,0.973820
1025,0.957210
1026,0.952995
1027,0.992959
1028,0.849408
1029,0.978905
1030,0.904461
1031,0.952557
1032,0.983656
1033,0.981057
1034,0.855482
1035,0.983041
1036,0.984136
1037,0.933172
1038,0.950767
1039,0.999998
1040,0.732360
1041,0.958930
1042,0.999994
1043,0.986440
1044,0.957154
1045,0.999995
1046,0.993516
1047,0.995528
1048,0.989464
1049,0.995923
1050,0.957326
1051,0.957589
1052,0.970487
1053,0.983554
1054,0.975069
1055,0.981203
1056,0.991316
1057,0.665056
1058,0.972682
1059,0.981557
1060,0.930643
1061,0.993784
1062,0.919710
1063,0.990631
1064,0.900387
1065,0.991839
1066,0.971238
1067,0.999994
1068,0.442707
1069,0.929425
1070,0.997148
1071,0.950358
1072,0.894103
1073,0.986192
1074,0.971254
1075,0.966760
1076,0.992617
1077,0.953304
1078,0.950921
1079,0.919658
1080,0.979533
1081,0.885788
1082,0.965321
1083,0.972601
1084,0.995300
1085,0.958045
1086,0.992128
1087,0.979892
1088,0.979829
1089,0.972419
1090,0.963293
1091,0.839436
1092,0.975051
1093,0.949002
1094,0.977299
1095,0.913181
1096,0.875928
1097,0.946177
1098,0.966649
1099,0.958335
1100,0.979134
1101,0.814745
1102,0.973057
1103,0.965130
1104,0.955095
1105,0.957517
1106,0.873366
1107,0.960279
1108,0.988579
1109,0.972489
1110,0.981738
1111,0.768332
1112,0.928597
1113,0.985082
1114,0.959224
1115,0.944203
1116,0.978112
1117,0.860757
1118,0.636750
1119,0.941383
1120,0.986668
1121,0.979950
1122,0.999984
1123,0.995375
1124,0.938863
1125,0.974812
1126,0.972715
1127,0.924158
1128,0.969022
1129,0.887963
1130,0.964856
1131,0.976604
1132,0.951503
1133,0.999990
1134,0.956541
1135,0.964709
1136,0.989356
1137,0.950145
1138,0.989045
1139,0.983318
1140,0.996491
1141,0.957874
1142,0.979936
1143,0.989757
1144,0.976959
1145,0.973079
1146,0.999998
1147,0.964052
1148,0.938906
1149,0.984419
1150,0.979576
1151,0.915434
1152,0.979663
1153,0.975075
1154,0.433512
1155,0.993003
1156,0.921785
1157,0.929376
1158,0.944914
1159,0.997062
1160,0.999996
1161,0.867086
1162,0.989407
1163,0.968730
1164,0.960856
1165,0.876470
1166,0.951048
1167,0.985822
1168,1.000000
1169,0.999994
1170,0.999995
1171,0.926511
1172,0.961167
1173,0.979739
1174,0.991228
1175,0.934790
1176,0.948441
1177,0.976724
1178,0.966373
1179,0.978323
1180,0.985124
1181,0.952946
1182,0.936110
1183,0.999985
1184,0.986010
1185,0.973289
1186,0.972238
1187,0.975702
1188,0.996816
1189,0.960158
1190,0.987743
1191,0.915909
1192,0.982250
1193,0.976208
1194,0.987558
1195,0.805779
1196,0.973817
1197,0.962161
1198,0.908381
1199,0.999998
1200,0.904901
1201,0.872665
1202,0.983011
1203,0.992019
1204,0.913467
1205,0.887337
1206,0.983985
1207,0.980743
1208,0.951088
1209,0.948992
1210,0.974176
1211,0.965313
1212,0.969693
1213,0.983716
1214,0.961095
1215,0.958589
1216,0.996593
1217,0.578775
1218,0.688999
1219,0.994097
1220,0.987481
1221,0.832752
1222,0.982394
1223,0.932330
1224,0.995109
1225,0.592540
1226,0.997210
1227,0.946502
1228,0.960922
1229,0.637460
1230,0.994094
1231,0.931686
1232,0.949231
1233,0.933879
1234,0.824802
1235,0.976891
1236,0.936440
1237,0.976674
1238,0.944424
1239,0.918241
1240,0.880047
1241,0.952611
1242,0.986399
1243,0.986668
1244,0.991064
1245,0.978142
1246,0.978829
1247,0.941412
1248,0.992085
1249,0.985387
1250,0.990092
1251,0.974178
1252,0.987513
1253,0.943541
1254,0.966366
1255,0.961145
1256,0.970908
1257,0.991646
1258,0.941138
1259,0.643329
1260,0.982834
1261,0.972557
1262,0.918122
1263,0.977436
1264,0.802493
1265,0.980711
1266,0.966480
1267,0.290865
1268,0.972637
1269,0.999982
1270,0.972671
1271,0.991037
1272,0.962733
1273,0.976005
1274,0.962955
1275,0.932550
1276,0.923941
1277,0.981002
1278,0.852794
1279,0.989909
1280,0.169440
1281,1.000000
1282,0.964886
1283,0.965328
1284,0.960509
1285,0.922551
1286,0.478129
1287,0.982055
1288,0.976209
1289,0.994773
1290,0.964347
1291,0.975495
1292,0.999983
1293,0.968640
1294,0.990942
1295,0.936987
1296,0.965486
1297,0.974936
1298,0.986851
1299,0.985707
1300,0.893809
1301,0.983854
1302,0.946531
1303,0.950838
1304,0.993905
1305,0.961658
1306,0.907909
1307,0.951808
1308,0.985283
1309,0.927883
1310,0.977294
1311,0.996164
1312,0.991561
1313,0.852291
1314,0.991656
1315,0.999993
1316,0.980341
1317,0.972563
1318,0.966147
1319,0.966130
1320,0.999998
1321,0.984526
1322,0.972505
1323,0.979342
1324,0.955751
1325,0.999981
1326,0.974385
1327,0.957711
1328,0.991581
1329,0.954256
1330,0.995443
1331,0.986770
1332,0.953185
1333,0.395280
1334,0.793515
1335,0.997044
1336,0.985910
1337,0.989916
1338,0.994292
1339,0.923510
1340,0.581905
1341,0.970869
1342,0.981640
1343,0.985997
1344,0.992226
1345,0.971400
1346,0.965258
1347,0.830863
1348,0.999986
1349,0.977394
1350,0.939898
1351,0.984816
1352,0.971123
1353,0.996463
1354,0.967156
1355,0.649510
1356,0.943432
1357,0.993886
1358,0.896496
1359,0.878943
1360,0.957631
1361,0.802071
1362,0.986764
1363,0.962888
1364,0.990747
1365,0.919731
1366,0.934564
1367,0.613559
1368,0.993111
1369,0.954911
1370,0.983563
1371,0.995958
1372,0.986360
1373,0.936288
1374,0.921525
1375,0.901731
1376,0.932560
1377,0.972416
1378,0.997248
1379,0.984434
1380,0.956262
1381,0.995504
1382,0.964347
1383,0.959702
1384,0.987834
1385,0.999992
1386,0.952480
1387,0.936346
1388,0.316146
1389,0.985344
1390,0.887482
1391,0.907817
1392,0.978831
1393,0.947387
1394,0.976293
1395,0.965837
1396,0.960293
1397,0.982718
1398,0.965454
1399,0.980445
1400,0.976614
1401,0.948003
1402,0.974815
1403,0.949601
1404,0.991845
1405,0.964254
1406,0.945088
1407,0.983752
1408,0.979068
1409,0.973758
1410,0.969985
1411,0.351912
1412,0.933234
1413,0.992648
1414,0.742880
1415,0.985127
1416,0.921926
1417,0.974197
1418,0.957904
1419,0.968518
1420,0.994266
1421,0.995467
1422,0.997127
1423,0.951038
1424,0.972914
1425,0.931634
1426,0.982152
1427,0.611615
1428,0.978549
1429,0.977563
1430,0.937161
1431,0.973164
1432,0.986745
1433,0.842560
1434,0.977113
1435,0.845048
1436,0.962835
1437,0.949068
1438,0.867134
1439,0.999996
1440,0.946071
1441,0.568809
1442,0.983514
1443,0.974537
1444,0.863515
1445,0.982203
1446,0.983635
1447,0.999994
1448,0.962362
1449,0.881085
1450,0.962480
1451,0.965934
1452,0.988058
1453,0.973336
1454,0.983275
1455,0.934118
1456,0.980782
1457,0.979411
1458,0.916593
1459,0.942381
1460,0.956904
1461,0.994767
1462,0.951015
1463,0.991100
1464,0.999987
1465,0.987572
1466,0.996370
1467,0.950972
1468,0.948067
1469,0.974036
1470,0.953071
1471,0.978852
1472,0.990820
1473,0.329987
1474,0.912131
1475,0.977442
1476,0.942915
1477,0.922136
1478,0.932112
1479,0.934300
1480,0.601237
1481,0.999987
1482,0.981871
1483,0.944002
1484,0.962182
1485,0.990272
1486,0.994126
1487,0.872194
1488,0.999995
1489,0.979886
1490,0.975151
1491,0.856828
1492,0.975051
1493,0.953004
1494,0.958236
1495,0.928675
1496,0.935721
1497,0.996331
1498,0.961500
1499,0.730627
1500,0.931992
1501,0.986185
1502,0.961536
1503,0.991517
1504,0.953258
1505,0.982026
1506,0.919947
1507,0.986686
1508,0.961554
1509,0.964748
1510,0.984072
1511,0.932453
1512,0.834610
1513,0.952182
1514,0.969022
1515,0.948240
1516,0.883379
1517,0.856828
1518,0.965639
1519,0.990419
1520,0.977206
1521,0.999988
1522,0.960175
1523,0.981278
1524,0.990747
1525,0.997350
1526,0.976532
1527,0.986552
1528,0.991675
1529,0.964706
1530,0.999982
1531,0.961376
1532,0.861225
1533,0.945641
1534,0.971728
1535,0.948794
1536,0.975017
1537,0.995030
1538,0.950676
1539,0.990313
1540,0.995044
1541,0.995351
1542,0.994802
1543,0.950940
1544,0.959209
1545,0.999994
1546,0.968672
1547,0.999998
1548,0.984975
1549,0.985099
1550,0.961524
1551,0.992940
1552,0.999991
1553,0.937181
1554,0.953831
1555,0.963954
1556,0.801754
1557,0.985976
1558,0.973909
1559,0.947754
1560,0.981315
1561,0.901793
1562,0.980951
1563,0.412506
1564,0.958188
1565,0.968023
1566,0.961171
1567,0.992253
1568,0.814128
1569,0.975803
1570,0.922222
1571,0.987821
1572,0.928829
1573,0.983127
1574,0.847324
1575,0.280063
1576,0.983157
1577,0.967876
1578,0.959044
1579,0.968872
1580,0.995125
1581,0.986915
1582,0.949068
1583,0.982929
1584,0.982500
1585,0.926870
1586,0.949745
1587,0.891512
1588,0.950973
1589,0.979441
1590,0.986643
1591,0.987796
1592,0.616112
1593,0.981704
1594,0.596723
1595,0.848780
1596,0.984517
1597,0.989138
1598,0.978545
1599,0.928387
1600,0.951297
1601,0.978594
1602,0.916046
1603,0.987749
1604,0.965019
1605,0.961663
1606,0.412311
1607,0.986608
1608,0.926293
1609,0.973111
1610,0.980881
1611,0.992026
1612,0.947028
1613,0.212151
1614,0.919012
1615,0.928006
1616,0.875973
1617,0.991810
1618,0.653830
1619,0.957099
1620,0.997052
1621,0.987921
1622,0.972604
1623,0.897358
1624,0.974197
1625,0.950921
1626,0.992555
1627,0.985160
1628,0.976708
1629,0.985618
1630,0.990235
1631,0.939007
1632,0.891846
1633,0.939479
1634,0.967634
1635,0.972358
1636,0.972722
1637,0.948265
1638,0.975416
1639,0.952950
1640,0.905028
1641,0.737992
1642,0.986904
1643,0.931598
1644,0.958937
1645,0.963487
1646,0.938412
1647,0.950090
1648,0.982689
1649,0.908299
1650,0.997188
1651,0.990281
1652,0.969519
1653,0.991236
1654,0.991783
1655,0.990605
1656,0.996760
1657,0.909118
1658,0.984010
1659,0.982029
1660,0.976425
1661,0.999985
1662,0.951427
1663,0.990148
1664,0.980444
1665,0.953702
1666,0.950105
1667,0.990106
1668,0.984383
1669,0.955599
1670,0.977425
1671,0.992538
1672,0.988063
1673,0.980083
1674,0.934643
1675,0.978973
1676,0.978649
1677,0.983635
1678,0.999993
1679,0.963293
1680,0.993299
1681,0.982939
1682,0.939350
1683,0.971130
1684,0.969936
1685,0.940759
1686,0.932418
1687,0.958233
1688,0.987446
1689,0.964968
1690,0.988301
1691,0.613239
1692,0.957628
1693,0.989803
1694,0.999999
1695,0.996664
1696,0.969801
1697,0.995310
1698,0.994375
1699,0.994089
1700,0.630439
1701,0.999999
1702,0.934675
1703,0.926760
1704,0.999989
1705,0.992523
1706,0.982885
1707,0.972927
1708,0.947696
1709,0.995882
1710,0.920041
1711,0.892697
1712,0.994186
1713,0.970800
1714,0.923354
1715,0.975721
1716,0.924544
1717,0.959660
1718,0.979990
1719,0.965454
1720,0.988892
1721,0.978718
1722,0.977166
1723,0.971729
1724,0.984041
1725,0.954290
1726,0.992005
1727,0.969167
1728,0.975626
1729,0.968037
1730,0.275519
1731,0.986129
1732,0.875142
1733,0.989224
1734,0.977834
1735,0.972918
1736,0.968816
1737,0.950453
1738,0.972820
1739,0.920782
1740,0.992130
1741,0.983283
1742,0.996623
1743,0.997054
1744,0.968586
1745,0.958133
1746,0.935417
1747,0.999998
1748,0.941697
1749,0.958649
1750,0.969556
1751,0.966784
1752,0.945224
1753,0.927737
1754,0.857855
1755,0.957737
1756,0.997127
1757,0.990161
1758,0.996572
1759,0.965794
1760,0.949448
1761,0.901743
1762,1.000000
1763,0.931298
1764,0.951728
1765,0.977544
1766,0.965321
1767,0.986431
1768,0.566674
1769,0.958942
1770,0.954290
1771,0.958064
1772,0.934699
1773,0.908514
1774,0.972533
1775,0.264899
1776,0.981282
1777,0.934414
1778,0.968125
1779,0.955393
1780,0.971578
1781,0.975051
1782,0.990378
1783,0.962367
1784,0.999984
1785,0.961146
1786,0.345967
1787,0.979180
1788,0.923490
1789,0.704644
1790,0.996671
1791,0.938863
1792,0.988752
1793,0.950784
1794,0.801105
1795,0.942201
1796,0.982134
1797,0.985300
1798,0.978852
1799,0.900515
1800,0.992232
1801,0.952938
1802,0.983802
1803,0.975051
1804,0.969253
1805,0.977678
1806,0.944959
1807,0.981212
1808,0.983851
1809,0.905501
1810,0.958460
1811,0.955599
1812,0.960345
1813,0.990134
1814,0.956573
1815,0.979640
1816,0.946796
1817,0.971526
1818,0.863690
1819,0.974105
1820,0.940759
1821,0.963621
1822,0.958709
1823,0.989485
1824,0.918419
1825,0.947236
1826,0.990634
1827,0.985871
1828,0.975438
1829,0.991303
1830,0.962574
1831,0.965321
1832,0.996778
1833,0.959155
1834,0.947696
1835,0.941840
1836,0.943767
1837,0.995615
1838,0.988917
1839,0.529060
1840,0.609089
1841,0.970320
1842,0.986670
1843,0.975079
1844,0.970782
1845,0.930108
1846,0.927583
1847,0.962792
1848,0.984162
1849,0.958075
1850,0.980032
1851,0.982068
1852,0.987345
1853,0.076339
1854,0.993183
1855,0.902673
1856,0.935933
1857,0.101894
1858,0.993711
1859,0.965792
1860,0.961635
1861,0.988917
1862,0.990117
1863,0.999988
1864,0.962654
1865,0.968728
1866,0.963726
1867,0.976575
1868,0.946807
1869,0.953698
1870,0.974743
1871,0.993345
1872,0.863157
1873,0.990607
1874,0.976532
1875,0.988257
1876,0.982956
1877,0.996149
1878,0.973841
1879,0.990721
1880,0.929969
1881,0.805148
1882,0.944400
1883,0.977226
1884,0.957927
1885,0.958678
1886,0.982916
1887,0.944658
1888,0.924885
1889,0.991754
1890,0.945185
1891,0.948037
1892,0.984651
1893,0.997053
1894,0.984975
1895,0.982319
1896,0.971525
1897,0.934452
1898,0.968779
1899,0.975305
1900,0.966048
1901,0.974249
1902,0.979749
1903,0.984159
1904,0.942504
1905,0.951980
1906,0.985481
1907,0.964129
1908,0.957668
1909,0.977026
1910,0.975642
1911,0.572856
1912,0.996192
1913,0.962574
1914,0.954119
1915,0.961500
1916,0.913304
1917,0.999987
1918,0.991112
1919,0.958836
1920,0.966956
1921,0.991978
1922,0.974717
1923,0.987466
1924,0.939151
1925,0.989631
1926,0.922916
1927,0.946047
1928,0.974479
1929,0.973559
1930,0.997143
1931,0.928683
1932,0.966004
1933,0.985160
1934,0.956612
1935,0.968667
1936,0.997053
1937,0.986558
1938,0.978873
1939,0.905562
1940,0.977163
1941,0.935328
1942,0.974633
1943,0.977720
1944,0.897442
1945,0.962378
1946,0.984816
1947,0.994310
1948,0.780548
1949,0.932754
1950,0.982329
1951,0.983445
1952,0.993126
1953,0.981404
1954,0.973692
1955,0.986680
1956,0.976955
1957,0.939682
1958,0.981869
1959,0.824802
1960,0.937022
1961,0.956672
1962,0.986983
1963,0.914417
1964,0.971045
1965,0.919100
1966,0.975173
1967,1.000000
1968,0.965677
1969,0.918348
1970,0.944725
1971,0.981257
1972,0.981211
1973,0.969467
1974,0.999988
1975,0.994129
1976,0.991988
1977,0.958978
1978,0.979640
1979,0.990142
1980,0.850151
1981,0.993193
1982,0.983907
1983,0.985995
1984,0.965410
1985,0.969010
1986,0.986784
1987,0.545994
1988,0.983117
1989,0.967966
1990,0.962687
1991,0.981688
1992,0.948989
1993,0.977683
1994,0.990044
1995,0.990474
1996,0.941966
1997,0.994577
1998,0.952376
1999,0.981251
2000,0.956170
2001,0.936271
2002,0.972099
2003,0.958064
2004,0.955037
2005,0.981704
2006,0.995096
2007,0.974347
2008,0.975490
2009,0.987294
2010,0.995397
2011,0.972927
2012,0.987325
2013,0.965557
2014,0.973332
2015,0.983976
2016,0.983605
2017,0.996098
2018,0.964532
2019,0.957846
2020,0.954833
2021,0.948770
2022,0.970020
2023,0.985974
2024,0.997171
2025,0.963456
2026,0.546453
2027,0.896390
2028,0.957817
2029,0.955347
2030,0.934345
2031,0.971155
2032,0.955037
2033,0.974055
2034,0.999996
2035,0.995297
2036,0.994375
2037,0.977946
2038,0.946974
2039,0.949927
2040,0.932946
2041,0.999998
2042,0.873464
2043,0.869689
2044,0.996558
2045,0.993408
2046,0.976046
2047,0.988928
2048,0.931164
2049,0.994541
2050,0.975931
2051,0.983105
2052,0.980393
2053,0.983378
2054,0.970734
2055,0.934972
2056,0.938863
2057,0.993882
2058,0.939650
2059,0.969673
2060,0.960880
2061,0.952566
2062,0.951982
2063,0.992026
2064,0.969594
2065,0.956883
2066,0.978516
2067,0.986339
2068,0.972131
2069,0.987817
2070,0.995089
2071,0.979479
2072,0.889539
2073,0.932923
2074,0.950017
2075,0.999986
2076,0.931146
2077,0.993480
2078,1.000000
2079,0.999991
2080,0.947145
2081,0.952541
2082,0.914208
2083,0.996961
2084,0.924391
2085,0.987288
2086,0.944534
2087,0.979191
2088,0.957501
2089,0.901847
2090,0.986470
2091,0.970693
2092,0.932259
2093,0.986030
2094,0.993833
2095,0.983733
2096,0.942665
2097,0.918985
2098,0.996041
2099,0.971879
2100,0.850151
2101,0.816581
2102,0.996521
2103,0.981689
2104,0.958723
2105,0.972570
2106,0.964662
2107,0.989744
2108,0.996359
2109,0.937218
2110,0.960304
2111,0.953476
2112,0.964452
2113,0.996287
2114,0.974288
2115,0.964989
2116,0.967475
2117,0.993572
2118,0.967447
2119,0.981625
2120,0.987608
2121,0.926822
2122,0.980822
2123,0.966720
2124,0.865794
2125,0.964662
2126,0.988267
2127,0.999988
2128,0.992177
2129,0.784282
2130,0.973368
2131,0.987151
2132,0.986306
2133,1.000000
2134,0.995520
2135,0.529060
2136,0.982274
2137,0.984860
2138,0.999997
2139,0.984051
2140,0.996750
2141,0.965952
2142,0.991012
2143,0.999992
2144,0.974133
2145,0.946162
2146,0.996094
2147,0.981824
2148,0.977060
2149,0.993042
2150,0.922909
2151,0.956602
2152,0.962372
2153,0.964263
2154,0.988296
2155,0.972014
2156,0.950090
2157,0.977105
2158,0.983555
2159,0.864279
2160,0.996122
2161,0.940759
2162,0.972839
2163,0.997096
2164,0.920965
2165,0.967697
2166,0.988483
2167,0.969625
2168,0.938492
2169,0.893256
2170,0.999999
2171,0.966319
2172,0.944747
2173,0.913893
2174,0.967073
2175,0.977172
2176,0.981908
2177,0.968821
2178,0.992957
2179,0.964988
2180,0.936453
2181,0.982263
2182,0.995495
2183,0.984322
2184,0.989084
2185,0.994881
2186,0.990462
2187,0.985282
2188,0.986267
2189,0.978934
2190,0.939278
2191,0.957008
2192,0.974929
2193,0.987279
2194,0.947375
2195,0.987817
2196,0.972644
2197,0.992527
2198,0.977492
2199,0.973459
2200,0.919091
2201,0.950519
2202,0.986982
2203,0.991037
2204,0.977189
2205,0.928655
2206,0.997380
2207,0.996238
2208,0.971500
2209,0.947387
2210,0.918764
2211,0.993773
2212,0.997397
2213,0.969692
2214,0.982505
2215,0.965486
2216,0.981996
2217,0.984816
2218,0.952534
2219,0.993633
2220,0.986076
2221,0.970447
2222,0.960224
2223,0.914231
2224,0.996094
2225,0.979299
2226,0.981952
2227,0.970994
2228,0.927272
2229,0.938281
2230,0.933369
2231,0.485203
2232,0.972878
2233,0.993910
2234,0.981287
2235,0.955289
2236,0.986482
2237,0.976037
2238,0.932808
2239,0.960180
2240,0.955957
2241,0.978132
2242,0.996610
2243,0.992169
2244,0.972419
2245,0.973917
2246,0.952360
2247,0.968812
2248,0.996495
2249,0.969581
2250,0.970846
2251,0.989673
2252,0.996239
2253,0.983515
2254,0.972915
2255,0.996183
2256,0.983865
2257,0.980649
2258,0.795035
2259,0.377025
2260,0.802568
2261,0.934522
2262,0.941925
2263,0.917784
2264,0.992313
2265,0.984265
2266,0.994270
2267,0.997151
2268,0.984389
2269,0.993923
2270,0.926341
2271,0.972419
2272,0.970874
2273,0.930405
2274,0.999998
2275,0.953353
2276,0.974500
2277,0.965313
2278,0.991226
2279,0.951918
2280,0.993205
2281,0.985707
2282,0.993268
2283,0.995101
2284,0.939678
2285,0.933303
2286,0.947007
2287,0.977029
2288,0.967118
2289,0.963620
2290,0.978855
2291,0.983489
2292,0.965917
2293,0.975454
2294,0.967227
2295,0.986185
2296,0.914315
2297,0.967317
2298,0.996352
2299,0.964692
2300,0.972644
2301,0.962529
2302,0.952662
2303,0.957967
2304,0.999987
2305,0.983870
2306,0.985279
2307,0.965694
2308,1.000000
2309,0.985171
2310,0.930481
2311,0.961149
2312,0.887337
2313,0.989181
2314,0.996389
2315,0.950259
2316,0.975615
2317,0.953719
2318,0.961808
2319,0.931759
2320,0.996147
2321,0.965694
2322,0.961168
2323,0.995391
2324,0.940005
2325,0.979559
2326,0.948238
2327,0.830863
2328,0.968040
2329,0.992930
2330,0.932723
2331,0.916601
2332,0.950897
2333,0.931182
2334,0.987564
2335,0.951297
2336,0.952765
2337,1.000000
2338,0.995010
2339,0.943395
2340,0.991970
2341,0.984809
2342,0.965463
2343,0.968227
2344,0.992701
2345,0.967129
2346,0.999995
2347,0.976389
2348,0.997152
2349,0.952352
2350,0.959683
2351,0.943428
2352,0.999992
2353,0.968535
2354,0.990943
2355,0.957355
2356,0.950009
2357,0.947544
2358,0.977176
2359,0.926738
2360,0.935819
2361,0.978582
2362,0.975686
2363,0.980116
2364,0.934800
2365,0.958526
2366,0.964171
2367,0.961085
2368,0.864816
2369,0.963796
2370,0.996034
2371,0.962846
2372,0.934367
2373,0.957626
2374,0.927888
2375,0.969096
2376,0.996149
2377,0.872461
2378,0.992276
2379,0.997378
2380,0.932983
2381,0.964970
2382,0.237394
2383,0.970166
2384,0.967184
2385,0.951019
2386,0.928576
2387,0.970514
2388,0.978346
2389,0.954117
2390,0.999995
2391,0.959866
2392,0.970731
2393,0.965454
2394,0.882335
2395,0.625618
2396,0.913378
2397,0.974160
2398,0.996362
2399,0.983552
2400,0.999990
2401,0.934768
2402,0.948522
2403,0.999997
2404,0.974990
2405,0.955903
2406,0.981256
2407,0.945564
2408,0.964662
2409,0.972207
2410,0.977716
2411,0.988965
2412,0.948551
2413,0.990668
2414,0.990971
2415,0.919978
2416,0.993352
2417,0.866859
2418,0.959687
2419,0.942865
2420,0.992067
2421,0.895946
2422,0.945155
2423,0.942020
2424,0.986940
2425,0.963999
2426,0.976314
2427,0.978780
2428,0.976046
2429,0.978895
2430,0.996083
2431,0.984166
2432,0.997146
2433,0.994266
2434,0.918355
2435,0.956652
2436,0.979820
2437,0.984858
2438,0.906087
2439,0.975051
2440,0.976079
2441,0.987899
2442,0.988131
2443,0.984166
2444,0.901226
2445,0.964748
2446,0.976621
2447,0.993950
2448,0.923767
2449,0.979772
2450,0.965965
2451,0.947218
2452,0.948557
2453,0.982164
2454,0.999997
2455,0.932701
2456,0.993530
2457,0.995525
2458,0.990303
2459,0.975305
2460,0.980688
2461,0.999989
2462,0.951276
2463,0.974465
2464,0.964886
2465,0.967344
2466,0.409600
2467,0.988902
2468,0.973998
2469,0.987865
2470,0.996287
2471,0.965557
2472,0.997261
2473,0.921657
2474,0.971131
2475,0.982689
2476,0.984443
2477,0.953724
2478,0.979186
2479,0.918562
2480,0.971778
2481,0.952367
2482,0.921015
2483,0.973011
2484,0.938569
2485,0.967491
2486,0.987836
2487,0.971813
2488,0.985573
2489,0.458718
2490,0.989987
2491,0.923648
2492,0.976158
2493,0.989112
2494,0.989285
2495,0.990753
2496,0.991358
2497,0.805420
2498,0.832974
2499,0.982730
2500,0.935754
2501,0.954651
2502,0.936553
2503,0.986640
2504,0.970928
2505,0.658207
2506,0.992026
2507,0.974767
2508,0.994223
2509,0.984523
2510,0.949304
2511,0.923616
2512,0.967114
2513,0.969924
2514,0.969443
2515,0.999988
2516,0.996466
2517,0.627080
2518,0.975276
2519,0.995441
2520,0.970287
2521,0.955384
2522,0.985428
2523,0.995270
2524,0.476598
2525,0.970159
2526,0.983157
2527,0.994372
2528,0.913626
2529,0.957980
2530,0.931482
2531,0.982875
2532,0.999981
2533,0.837046
2534,0.984418
2535,0.976109
2536,0.970859
2537,0.979124
2538,0.967333
2539,0.977894
2540,0.686213
2541,0.984181
2542,0.932723
2543,0.977393
2544,0.960490
2545,0.976707
2546,0.978578
2547,0.968372
2548,0.956904
2549,0.977294
2550,0.977551
2551,0.977215
2552,0.953140
2553,0.947324
2554,0.990701
2555,0.993879
2556,0.983555
2557,0.937205
2558,0.995252
2559,0.967865
2560,0.927182
2561,0.954490
2562,0.970144
2563,0.272114
2564,0.982360
2565,0.961641
2566,0.916083
2567,0.870397
2568,0.720173
2569,0.966597
2570,0.988189
2571,0.965006
2572,0.985730
2573,0.989367
2574,0.930196
2575,0.989110
2576,0.996501
2577,0.991485
2578,0.979321
2579,0.961124
2580,0.970477
2581,0.389345
2582,0.977905
2583,0.943182
2584,0.952964
2585,0.956789
2586,0.704441
2587,0.971078
2588,0.934821
2589,0.896187
2590,0.975332
2591,0.919091
2592,0.918268
2593,0.924610
2594,0.980719
2595,0.876532
2596,0.994897
2597,0.982991
2598,0.972507
2599,0.822036
2600,0.993711
2601,0.919705
2602,0.979009
2603,0.983117
2604,0.985329
2605,0.992448
2606,0.995161
2607,0.951297
2608,0.960031
2609,0.987100
2610,0.851759
2611,0.958002
2612,0.869417
2613,0.922949
2614,0.842476
2615,0.999999
2616,0.986576
2617,0.980098
2618,0.963627
2619,0.999989
2620,0.986784
2621,0.947250
2622,0.990308
2623,0.950921
2624,0.999984
2625,0.994638
2626,0.999982
2627,0.928711
2628,0.823558
2629,0.996383
2630,0.891027
2631,0.909238
2632,0.987398
2633,0.941654
2634,0.985406
2635,0.985181
2636,0.937919
2637,0.904786
2638,0.996349
2639,0.999995
2640,0.957628
2641,0.999991
2642,0.994157
2643,0.951364
2644,0.978046
2645,0.985275
2646,0.991200
2647,0.996206
2648,0.954992
2649,0.989072
2650,0.975169
2651,0.967528
2652,0.878307
2653,0.934519
2654,0.973574
2655,0.956765
2656,0.926296
2657,0.836318
2658,0.952358
2659,0.999991
2660,0.935480
2661,0.366723
2662,0.983345
2663,0.999998
2664,0.995304
2665,0.999999
2666,0.986446
2667,0.988633
2668,0.946778
2669,0.954695
2670,0.958064
2671,0.980796
2672,0.999988
2673,0.961458
2674,0.984216
2675,0.515737
2676,0.994007
2677,0.969067
2678,0.996925
2679,0.999990
2680,0.996750
2681,0.974877
2682,0.936298
2683,0.818941
2684,0.956141
2685,0.963293
2686,0.984732
2687,0.990321
2688,0.976546
2689,0.938477
2690,0.994061
2691,0.944455
2692,0.974854
2693,0.981865
2694,0.955866
2695,0.983694
2696,0.983445
2697,0.999993
2698,0.973273
2699,0.950517
2700,0.910117
2701,0.989157
2702,0.934329
2703,0.855452
2704,0.993152
2705,0.997208
2706,0.990418
2707,0.984162
2708,0.948411
2709,0.209596
2710,0.916611
2711,0.992141
2712,0.920707
2713,0.971867
2714,0.865774
2715,0.992408
2716,0.974556
2717,0.999991
2718,0.973869
2719,0.994577
2720,0.977850
2721,0.997164
2722,0.953880
2723,0.892435
2724,0.963634
2725,0.647073
2726,0.981535
2727,0.996297
2728,0.684974
2729,0.973166
2730,0.950883
2731,0.999999
2732,0.962800
2733,0.959844
2734,0.970663
2735,0.999989
2736,0.991217
2737,0.963599
2738,0.993889
2739,0.980099
2740,0.978826
2741,0.959101
2742,0.958589
2743,0.951803
2744,0.995168
2745,0.906788
2746,0.936712
2747,0.934548
2748,0.938595
2749,0.950519
2750,0.953160
2751,0.963914
2752,0.858945
2753,0.995524
2754,0.985024
2755,0.993794
2756,0.995871
2757,0.944396
2758,0.621257
2759,0.978364
2760,0.966908
2761,0.975274
2762,0.945331
2763,0.983832
2764,0.872017
2765,0.973556
2766,0.988525
2767,0.981346
2768,0.981285
2769,0.978028
2770,0.995180
2771,0.977586
2772,0.978164
2773,0.953526
2774,0.848613
2775,0.960067
2776,1.000000
2777,0.961543
2778,0.979094
2779,0.974837
2780,0.955143
2781,0.934445
2782,0.982784
2783,0.959723
2784,0.287953
2785,0.999995
2786,0.919216
2787,0.992821
2788,0.976840
2789,0.948265
2790,0.982505
2791,0.984455
2792,0.838317
2793,0.977854
2794,0.990651
2795,0.984753
2796,0.996194
2797,0.956904
2798,0.485203
2799,0.999992
2800,0.957323
2801,0.994301
2802,0.814677
2803,0.959746
2804,0.996194
2805,0.981931
2806,0.983718
2807,0.988367
2808,0.937516
2809,0.757746
2810,0.966723
2811,0.961662
2812,0.997159
2813,0.959124
2814,0.963482
2815,0.936773
2816,0.894820
2817,0.957691
2818,0.995867
2819,0.982534
2820,0.976012
2821,0.962405
2822,0.982884
2823,0.930949
2824,0.977215
2825,0.903038
2826,0.993483
2827,0.967332
2828,0.978941
2829,0.960396
2830,0.992273
2831,0.999996
2832,0.972850
2833,0.993825
2834,0.442826
2835,0.655519
2836,0.995260
2837,0.990896
2838,0.941784
2839,0.991044
2840,0.407361
2841,0.997001
2842,0.999984
2843,0.988139
2844,0.973729
2845,0.924496
2846,0.978478
2847,0.987273
2848,0.966277
2849,0.938837
2850,0.855336
2851,0.963272
2852,0.955838
2853,0.990761
2854,0.969014
2855,0.984414
2856,0.933190
2857,0.997126
2858,0.994742
2859,0.961182
2860,0.976621
2861,0.848289
2862,0.981144
2863,0.970038
2864,0.869723
2865,0.802733
2866,0.993536
2867,0.970683
2868,0.993884
2869,0.969201
2870,0.972358
2871,0.986585
2872,0.956896
2873,0.987948
2874,0.877477
2875,0.996300
2876,0.979442
2877,0.989688
2878,0.979688
2879,0.993786
2880,0.979739
2881,0.977904
2882,0.975051
2883,0.977960
2884,0.981228
2885,0.968713
2886,0.975453
2887,0.991837
2888,0.928588
2889,0.987646
2890,0.925104
2891,0.781156
2892,0.988351
2893,0.944253
2894,0.987082
2895,0.976928
2896,0.972619
2897,0.859781
2898,0.999997
2899,0.952786
2900,0.983606
2901,0.943251
2902,0.968817
2903,0.961907
2904,0.975366
2905,0.959849
2906,0.994104
2907,0.985847
2908,0.974411
2909,0.987175
2910,0.970450
2911,0.526208
2912,0.974096
2913,0.947380
2914,0.953983
2915,0.969066
2916,0.982976
2917,0.916194
2918,0.933370
2919,0.985719
2920,0.965243
2921,0.960665
2922,0.949008
2923,0.987528
2924,0.933695
2925,0.961391
2926,0.975252
2927,0.985652
2928,0.999998
2929,0.973244
2930,0.585637
2931,0.974933
2932,0.850068
2933,0.951078
2934,0.992056
2935,0.933120
2936,0.830863
2937,0.970301
2938,0.965092
2939,0.921895
2940,0.988429
2941,0.696953
2942,0.996630
2943,0.988902
2944,0.873602
2945,0.991966
2946,0.950953
2947,0.943458
2948,0.934736
2949,0.999987
2950,0.966167
2951,0.986041
2952,0.992945
2953,0.980026
2954,0.992042
2955,0.986804
2956,0.947326
2957,0.976406
2958,0.943333
2959,0.965206
2960,0.850874
2961,0.971431
2962,0.977082
2963,0.985276
2964,0.959010
2965,0.976127
2966,0.965778
2967,0.994785
2968,0.991182
2969,0.996318
2970,0.825358
2971,0.995764
2972,0.930540
2973,0.999995
2974,0.933045
2975,0.941039
2976,0.953430
2977,0.964347
2978,0.965917
2979,0.947521
2980,0.964692
2981,0.938427
2982,0.983076
2983,0.952491
2984,0.996094
2985,0.999998
2986,0.973167
2987,0.973163
2988,0.978106
2989,0.999991
2990,0.852505
2991,0.956085
2992,0.988625
2993,0.972812
2994,0.948621
2995,0.973512
2996,0.831533
2997,0.975215
2998,0.975751
2999,0.983448
3000,0.974092
3001,0.989522
3002,0.971091
3003,0.944664
3004,0.990658
3005,0.974585
3006,0.660476
3007,0.994125
3008,0.944484
3009,1.000000
3010,0.931642
3011,0.928310
3012,0.986059
3013,0.981230
3014,0.984265
3015,0.992034
3016,0.851386
3017,0.934738
3018,0.892509
3019,0.950784
3020,0.944224
3021,0.685865
3022,0.921016
3023,0.985600
3024,0.990171
3025,0.989862
3026,0.987154
3027,0.930702
3028,0.930247
3029,0.980485
3030,0.996578
3031,0.912821
3032,0.573810
3033,0.982497
3034,0.908299
3035,0.965758
3036,0.982571
3037,0.974923
3038,0.993502
3039,0.963713
3040,0.977889
3041,0.996936
3042,0.604644
3043,0.978289
3044,0.996874
3045,0.974775
3046,0.978400
3047,0.980835
3048,0.999997
3049,0.660033
3050,0.996277
3051,0.988791
3052,0.966089
3053,0.971916
3054,0.959728
3055,0.923332
3056,0.953429
3057,0.979451
3058,0.960735
3059,0.999983
3060,0.937416
3061,0.965758
3062,0.973098
3063,0.519378
3064,0.969221
3065,0.990297
3066,0.981350
3067,0.951184
3068,0.882884
3069,0.996706
3070,0.990229
3071,0.934469
3072,0.953275
3073,0.990192
3074,0.991701
3075,0.162308
3076,0.940894
3077,0.991637
3078,0.934522
3079,0.960345
3080,0.980266
3081,0.955991
3082,0.964845
3083,0.931028
3084,0.453077
3085,0.954739
3086,0.969316
3087,0.961014
3088,0.959064
3089,0.934733
3090,0.935376
3091,0.289211
3092,0.951486
3093,0.969769
3094,0.955267
3095,0.991162
3096,0.953284
3097,0.999981
3098,0.982726
3099,0.990221
3100,0.941474
3101,0.954858
3102,0.982874
3103,0.919771
3104,0.966348
3105,0.948466
3106,0.955866
3107,0.993779
3108,0.994069
3109,0.932900
3110,0.974323
3111,0.957407
3112,0.968340
3113,0.995530
3114,0.986771
3115,0.956989
3116,0.991120
3117,0.971714
3118,0.987925
3119,0.997030
3120,0.971255
3121,0.931225
3122,0.956262
3123,0.995664
3124,0.917924
3125,0.967951
3126,0.973348
3127,0.232713
3128,0.918985
3129,0.974989
3130,0.993755
3131,0.943172
3132,0.916346
3133,0.924147
3134,0.952961
3135,0.966246
3136,0.963909
3137,0.995338
3138,0.869073
3139,0.999989
3140,0.995695
3141,0.972583
3142,0.941743
3143,0.991467
3144,1.000000
3145,0.985560
3146,0.997072
3147,0.890565
3148,0.970036
3149,0.977910
3150,0.914948
3151,0.961893
3152,0.911206
3153,0.922696
3154,0.991977
3155,0.994691
3156,0.989087
3157,0.948200
3158,0.976791
3159,0.994518
3160,0.963704
3161,0.958064
3162,0.965321
3163,0.772363
3164,0.927964
3165,0.992923
3166,0.953215
3167,0.931984
3168,0.992296
3169,0.823127
3170,0.984374
3171,0.974431
3172,0.898282
3173,0.936570
3174,0.953980
3175,0.982452
3176,0.991899
3177,0.992634
3178,0.930850
3179,0.943294
3180,0.975498
3181,0.976046
3182,0.954970
3183,0.974712
3184,0.991119
3185,0.948989
3186,0.992747
3187,0.843662
3188,0.985345
3189,0.988579
3190,0.980753
3191,0.949304
3192,0.959101
3193,0.931433
3194,0.964452
3195,0.952129
3196,0.996545
3197,0.992212
3198,0.961065
3199,0.981535
3200,0.997310
3201,0.800572
3202,0.956624
3203,0.961337
3204,0.944374
3205,0.977973
3206,0.914028
3207,0.955599
3208,0.957737
3209,0.995494
3210,0.290583
3211,0.965328
3212,0.985001
3213,0.931170
3214,0.987989
3215,0.892546
3216,0.934257
3217,0.957648
3218,0.882527
3219,0.940005
3220,0.986964
3221,0.984817
3222,0.959542
3223,0.993799
3224,0.996994
3225,0.971149
3226,0.980645
3227,0.981002
3228,0.987847
3229,0.964856
3230,0.965372
3231,0.959976
3232,0.978993
3233,0.977361
3234,0.928316
3235,0.953964
3236,0.977947
3237,0.984848
3238,0.957329
3239,0.985594
3240,0.968436
3241,0.981252
3242,0.971617
3243,0.928570
3244,0.968402
3245,0.979226
3246,0.994946
3247,0.988878
3248,0.987795
3249,0.986589
3250,0.983314
3251,0.946067
3252,0.955842
3253,0.940688
3254,0.983564
3255,0.980391
3256,0.914829
3257,0.928626
3258,0.999982
3259,0.932564
3260,0.980445
3261,0.951907
3262,0.930688
3263,0.996500
3264,0.941655
3265,0.966951
3266,0.993503
3267,0.999994
3268,0.972576
3269,0.933491
3270,0.986478
3271,0.950921
3272,0.999997
3273,0.968487
3274,0.924189
3275,0.944170
3276,0.980451
3277,0.999982
3278,0.934564
3279,0.957923
3280,0.940005
3281,0.984513
3282,0.929862
3283,0.993844
3284,0.950997
3285,0.983849
3286,0.993281
3287,0.945376
3288,0.974278
3289,0.979361
3290,0.964644
3291,0.986928
3292,0.973335
3293,0.918887
3294,0.983822
3295,0.962038
3296,0.970512
3297,0.814210
3298,0.932106
3299,0.970540
3300,0.968657
3301,0.976021
3302,0.939059
3303,0.994206
3304,0.978045
3305,0.295881
3306,0.979827
3307,0.982719
3308,0.993138
3309,0.961007
3310,0.955188
3311,0.987466
3312,0.908913
3313,0.994335
3314,0.978755
3315,0.973280
3316,0.974625
3317,0.988102
3318,0.990292
3319,0.844340
3320,0.918004
3321,0.997306
3322,0.969022
3323,0.959075
3324,0.983622
3325,0.992369
3326,0.999995
3327,0.991409
3328,0.985828
3329,0.992531
3330,0.988438
3331,0.991674
3332,0.939682
3333,0.985745
3334,0.938258
3335,0.945682
3336,0.997115
3337,0.972893
3338,0.972482
3339,0.986360
3340,0.974922
3341,0.999988
3342,0.963221
3343,0.947569
3344,0.984197
3345,0.993398
3346,0.976250
3347,0.931296
3348,0.928387
3349,0.933565
3350,0.990307
3351,0.991414
3352,0.985844
3353,0.934607
3354,0.979965
3355,0.999999
3356,0.994264
3357,0.965002
3358,0.999993
3359,0.993768
3360,0.995282
3361,0.969395
3362,0.926793
3363,0.970392
3364,0.997048
3365,0.971462
3366,0.995769
3367,0.980603
3368,0.976313
3369,0.979850
3370,0.932330
3371,0.980926
3372,0.961123
3373,0.983159
3374,0.995556
3375,0.911512
3376,0.988555
3377,0.996776
3378,0.971515
3379,0.986005
3380,0.982993
3381,0.941074
3382,0.994080
3383,0.983514
3384,0.969658
3385,0.979716
3386,0.989684
3387,0.947253
3388,0.972866
3389,0.986635
3390,0.985638
3391,0.977463
3392,0.985593
3393,0.965375
3394,1.000000
3395,0.946870
3396,0.921181
3397,0.973182
3398,0.992634
3399,0.951769
3400,0.979380
3401,0.928310
3402,0.985127
3403,0.997218
3404,0.972398
3405,0.718924
3406,0.967792
3407,0.996956
3408,0.973242
3409,0.988483
3410,0.992900
3411,0.982307
3412,0.974425
3413,0.963512
3414,0.782303
3415,0.996536
3416,0.983987
3417,0.917372
3418,0.964363
3419,0.899378
3420,0.964301
3421,0.922866
3422,0.863515
3423,0.995592
3424,0.999999
3425,0.975211
3426,0.943595
3427,0.979545
3428,0.996642
3429,0.964856
3430,0.985600
3431,0.955103
3432,0.983287
3433,0.976811
3434,0.983562
3435,0.995475
3436,0.970125
3437,0.963922
3438,0.942677
3439,0.994917
3440,0.969838
3441,0.987499
3442,0.881051
3443,0.985118
3444,0.977713
3445,0.974902
3446,0.999993
3447,0.990418
3448,0.981011
3449,0.982672
3450,0.958367
3451,0.963510
3452,0.924934
3453,0.973215
3454,0.936336
3455,0.978542
3456,0.974420
3457,0.936288
3458,0.972099
3459,0.986202
3460,0.381946
3461,0.987449
3462,0.993451
3463,0.988585
3464,0.964754
3465,0.218280
3466,0.958064
3467,0.919216
3468,1.000000
3469,0.938043
3470,0.992637
3471,0.991006
3472,0.987324
3473,0.980883
3474,0.260873
3475,0.976187
3476,0.995527
3477,0.874627
3478,0.954762
3479,0.988360
3480,0.968600
3481,0.971357
3482,0.966341
3483,0.916611
3484,0.916593
3485,0.990077
3486,0.793995
3487,0.992760
3488,0.978545
3489,0.914801
3490,0.992027
3491,0.908775
3492,0.930666
3493,0.979688
3494,0.992619
3495,0.977816
3496,0.973800
3497,0.975322
3498,0.986245
3499,1.000000
3500,0.954327
3501,0.854271
3502,0.978157
3503,0.963293
3504,0.931350
3505,0.974208
3506,0.993150
3507,0.993231
3508,0.985865
3509,0.997220
3510,0.996850
3511,0.827864
3512,0.956211
3513,0.999999
3514,0.978763
3515,0.996925
3516,0.970575
3517,0.907723
3518,0.991952
3519,0.469368
3520,0.995705
3521,0.993574
3522,0.977167
3523,0.985942
3524,0.984182
3525,0.963156
3526,0.948182
3527,0.994798
3528,0.909513
3529,0.986249
3530,0.978409
3531,0.951259
3532,0.973560
3533,0.980998
3534,0.251974
3535,0.962614
3536,0.966959
3537,0.991558
3538,0.873353
3539,0.976660
3540,0.974587
3541,0.984181
3542,0.985720
3543,0.876827
3544,0.980765
3545,0.968616
3546,0.928638
3547,0.952182
3548,0.974020
3549,0.974994
3550,0.928794
3551,0.951064
3552,0.995219
3553,0.996453
3554,0.977168
3555,0.935915
3556,0.984292
3557,0.973111
3558,0.969254
3559,0.934329
3560,0.965640
3561,0.931000
3562,0.934568
3563,0.992091
3564,0.994948
3565,0.981014
3566,0.980698
3567,0.949564
3568,0.993920
3569,0.996526
3570,0.332802
3571,0.981620
3572,0.976079
3573,0.960638
3574,0.957467
3575,0.933672
3576,0.833729
3577,0.967707
3578,0.419515
3579,0.622876
3580,0.992395
3581,0.819623
3582,0.980999
3583,0.990362
3584,0.962785
3585,0.956827
3586,0.981044
3587,0.957476
3588,0.978669
3589,0.928977
3590,0.951686
3591,0.999990
3592,0.985339
3593,0.989229
3594,0.826832
3595,0.939965
3596,0.931308
3597,0.941321
3598,0.980197
3599,0.922995
3600,0.987273
3601,0.987580
3602,0.994568
3603,0.965650
3604,0.975238
3605,0.951744
3606,0.979443
3607,0.982344
3608,0.929910
3609,0.914102
3610,0.986749
3611,0.900386
3612,0.972927
3613,0.989767
3614,0.957055
3615,0.929772
3616,0.999999
3617,0.999985
3618,0.979843
3619,0.975938
3620,0.999999
3621,0.978152
3622,0.960038
3623,0.942449
3624,0.982850
3625,0.999988
3626,0.991267
3627,0.987561
3628,0.952419
3629,0.910745
3630,0.978167
3631,0.986862
3632,0.999995
3633,0.941710
3634,0.991228
3635,0.543281
3636,0.995851
3637,0.973794
3638,0.958688
3639,0.875044
3640,0.995183
3641,0.982362
3642,0.996206
3643,0.999990
3644,0.930359
3645,0.301078
3646,0.645410
3647,0.985816
3648,0.966327
3649,0.958580
3650,0.968266
3651,0.888315
3652,0.955969
3653,0.404219
3654,0.977054
3655,0.940547
3656,0.969622
3657,0.911695
3658,0.993069
3659,0.792221
3660,0.884130
3661,0.970101
3662,0.590998
3663,0.945133
3664,0.988112
3665,0.937432
3666,0.974460
3667,0.980437
3668,0.983562
3669,0.976360
3670,0.925370
3671,0.931021
3672,0.824104
3673,0.943241
3674,0.967398
3675,0.937750
3676,0.946608
3677,0.948989
3678,0.992603
3679,0.960119
3680,0.957628
3681,0.982038
3682,0.620980
3683,0.968667
3684,0.991023
3685,0.941654
3686,0.951768
3687,0.986832
3688,0.989803
3689,0.955070
3690,0.970188
3691,0.990170
3692,0.930240
3693,0.991879
3694,0.970069
3695,0.994285
3696,0.935985
3697,0.928441
3698,0.987275
3699,0.978154
3700,0.861203
3701,0.978852
3702,0.985048
3703,0.934701
3704,0.959058
3705,0.994321
3706,0.868622
3707,0.953079
3708,0.999985
3709,0.984275
3710,0.987784
3711,0.963848
3712,0.967256
3713,0.950701
3714,0.919109
3715,0.850151
3716,0.963908
3717,0.594182
3718,0.964665
3719,0.984202
3720,0.927559
3721,0.987512
3722,0.975388
3723,0.979688
3724,0.927229
3725,0.992906
3726,0.996064
3727,0.983053
3728,0.999995
3729,0.970897
3730,0.962375
3731,0.971682
3732,0.886892
3733,0.976378
3734,0.856104
3735,0.934564
3736,0.975934
3737,0.967904
3738,0.976046
3739,0.999983
3740,0.920850
3741,0.999991
3742,0.984265
3743,0.975051
3744,0.973985
3745,0.989601
3746,0.874518
3747,0.969932
3748,0.994722
3749,0.974016
3750,0.942914
3751,0.925000
3752,0.992820
3753,0.977167
3754,0.972342
3755,0.995265
3756,0.916395
3757,0.996740
3758,0.949946
3759,0.960667
3760,0.986182
3761,0.944396
3762,0.966427
3763,0.989049
3764,0.786560
3765,0.993622
3766,0.973385
3767,0.976822
3768,0.924309
3769,0.937858
3770,0.961374
3771,0.923354
3772,0.934916
3773,0.958343
3774,0.978582
3775,0.942928
3776,0.978980
3777,0.919926
3778,0.958318
3779,0.966348
3780,0.971733
3781,0.959270
3782,0.971566
3783,0.948989
3784,0.851240
3785,0.987326
3786,0.978771
3787,0.986899
3788,0.933120
3789,0.985892
3790,0.986052
3791,0.960244
3792,0.960031
3793,0.984809
3794,0.988363
3795,0.957318
3796,0.955157
3797,0.999996
3798,0.975159
3799,0.983552
3800,0.916419
3801,0.900093
3802,0.960234
3803,0.956558
3804,0.975560
3805,0.991055
3806,0.818619
3807,0.931128
3808,0.583747
3809,0.912190
3810,0.976412
3811,0.992998
3812,0.999990
3813,0.957473
3814,0.985855
3815,0.235920
3816,0.967290
3817,0.984953
3818,0.961154
3819,0.952838
3820,0.951252
3821,0.957064
3822,0.979699
3823,0.979671
3824,0.990822
3825,0.917031
3826,0.973432
3827,0.991543
3828,0.986631
3829,0.942709
3830,0.966201
3831,0.976004
3832,0.992569
3833,0.975000
3834,0.982124
3835,0.961177
3836,0.986881
3837,0.972927
3838,0.102109
3839,0.989219
3840,0.993392
3841,0.938885
3842,0.981312
3843,0.961465
3844,0.953157
3845,0.989428
3846,0.908889
3847,0.883762
3848,0.988176
3849,0.991236
3850,0.989884
3851,0.965708
3852,0.955742
3853,0.993797
3854,0.964263
3855,0.936180
3856,0.886290
3857,0.986692
3858,0.942194
3859,0.974887
3860,0.992079
3861,0.978026
3862,0.986585
3863,0.989549
3864,0.513109
3865,0.974479
3866,0.973679
3867,1.000000
3868,0.940013
3869,0.891576
3870,0.676331
3871,0.933790
3872,0.999996
3873,0.987567
3874,0.688609
3875,0.989687
3876,0.988669
3877,0.981995
3878,0.997429
3879,0.958767
3880,0.987918
3881,0.963152
3882,0.959363
3883,0.975335
3884,0.999995
3885,0.974662
3886,0.943458
3887,0.994850
3888,0.991360
3889,0.990395
3890,0.507483
3891,0.992538
3892,0.944932
3893,0.989816
3894,0.983019
3895,0.975702
3896,0.948290
3897,0.869203
3898,0.988676
3899,0.969689
3900,0.961123
3901,0.972936
3902,0.964662
3903,0.993219
3904,0.981870
3905,0.963739
3906,0.974321
3907,0.956991
3908,0.926980
3909,0.973660
3910,0.975276
3911,0.930134
3912,0.984123
3913,0.996822
3914,0.959987
3915,0.985316
3916,0.996000
3917,0.734206
3918,0.927101
3919,0.959044
3920,0.927348
3921,0.757746
3922,0.967318
3923,0.619534
3924,0.952952
3925,0.988483
3926,0.999990
3927,0.985402
3928,0.981384
3929,0.999986
3930,0.918008
3931,0.958574
3932,0.971798
3933,0.994750
3934,0.970634
3935,0.988868
3936,0.994914
3937,0.964615
3938,0.968682
3939,0.946082
3940,0.999991
3941,0.969395
3942,0.996507
3943,0.952215
3944,0.991317
3945,0.916593
3946,0.962378
3947,0.997279
3948,0.987091
3949,0.969279
3950,0.990788
3951,0.961786
3952,0.990890
3953,0.904589
3954,0.978550
3955,0.969953
3956,0.981493
3957,0.914970
3958,0.912567
3959,0.993026
3960,0.981536
3961,0.950159
3962,0.985729
3963,0.979703
3964,0.985601
3965,0.930956
3966,0.989868
3967,0.992735
3968,0.975388
3969,0.960297
3970,0.991713
3971,0.892210
3972,0.934257
3973,0.897358
3974,0.931125
3975,0.992613
3976,0.948103
3977,0.984159
3978,0.987192
3979,0.999997
3980,0.991786
3981,0.921102
3982,0.962720
3983,0.981690
3984,0.948005
3985,0.976061
3986,0.962574
3987,0.980764
3988,0.999991
3989,0.964779
3990,0.976289
3991,0.973897
3992,0.975777
3993,0.959824
3994,0.995474
3995,0.996877
3996,0.180663
3997,0.992697
3998,0.937578
3999,0.994093
4000,0.943829
4001,0.990100
4002,0.947790
4003,0.932893
4004,0.977647
4005,0.944725
4006,0.953583
4007,0.988237
4008,0.980288
4009,0.997326
4010,0.932814
4011,0.874511
4012,0.970967
4013,0.964894
4014,0.977291
4015,0.888621
4016,0.941859
4017,0.957825
4018,0.988628
4019,0.941906
4020,0.977195
4021,0.926896
4022,0.985313
4023,0.936817
4024,0.970751
4025,0.929705
4026,0.994894
4027,0.994164
4028,0.961133
4029,0.983945
4030,0.969327
4031,0.988666
4032,0.953213
4033,0.967945
4034,0.964076
4035,0.958081
4036,0.967428
4037,0.952950
4038,0.974323
4039,0.975575
4040,0.977866
4041,0.952984
4042,0.991194
4043,0.939989
4044,0.986147
4045,0.946919
4046,0.997237
4047,0.821534
4048,0.968382
4049,0.987446
4050,0.978046
4051,0.811779
4052,0.981212
4053,0.945088
4054,0.992304
4055,0.935788
4056,0.957701
4057,0.860882
4058,0.995661
4059,0.973456
4060,0.992662
4061,0.879796
4062,0.954076
4063,0.596664
4064,0.991912
4065,0.984929
4066,0.904231
4067,0.978881
4068,0.987024
4069,0.969098
4070,0.955352
4071,0.991420
4072,0.960002
4073,0.964485
4074,0.985996
4075,0.906753
4076,0.999996
4077,0.958292
4078,0.978046
4079,0.874054
4080,0.972075
4081,0.999997
4082,0.869344
4083,0.983518
4084,0.984997
4085,0.977030
4086,0.969494
4087,0.985600
4088,0.909062
4089,0.914649
4090,0.981057
4091,0.980244
4092,0.908998
4093,0.972892
4094,0.933452
4095,0.983554
4096,0.992646
4097,0.965634
4098,0.986502
4099,0.991305
4100,0.974186
4101,0.894220
4102,0.972348
4103,0.972842
4104,0.838237
4105,0.965454
4106,0.922603
4107,0.934584
4108,0.979877
4109,0.991317
4110,0.954657
4111,0.986789
4112,0.993930
4113,0.908592
4114,0.992588
4115,0.990290
4116,0.962359
4117,0.288991
4118,0.995988
4119,0.993049
4120,0.979285
4121,0.983033
4122,0.969327
4123,0.990668
4124,0.999981
4125,0.988273
4126,0.569099
4127,0.992214
4128,0.572221
4129,0.984797
4130,0.953964
4131,0.999997
4132,0.992997
4133,0.931125
4134,0.970737
4135,0.956661
4136,0.996168
4137,0.961065
4138,0.989463
4139,0.997160
4140,0.990705
4141,0.933843
4142,0.937131
4143,0.985720
4144,0.994459
4145,0.978003
4146,0.982292
4147,0.971443
4148,0.965347
4149,0.941499
4150,0.994917
4151,0.186868
4152,0.849408
4153,0.989811
4154,0.906780
4155,0.987303
4156,0.920045
4157,0.989703
4158,0.977502
4159,0.979723
4160,0.986498
4161,0.990238
4162,0.934594
4163,0.990033
4164,0.954457
4165,0.992975
4166,0.984288
4167,0.988982
4168,0.973001
4169,0.979736
4170,0.960735
4171,0.974465
4172,0.975038
4173,0.997300
4174,0.818866
4175,0.918283
4176,0.976491
4177,0.984246
4178,0.976796
4179,0.994163
4180,0.980222
4181,0.977751
4182,0.987603
4183,0.987050
4184,0.979498
4185,0.981816
4186,0.995851
4187,0.975951
4188,0.961640
4189,0.991947
4190,0.955049
4191,0.991420
4192,0.987619
4193,0.958433
4194,0.991037
4195,0.972732
4196,0.934693
4197,0.948341
4198,0.893336
4199,0.938885
4200,0.986364
4201,0.966123
4202,0.968459
4203,0.988188
4204,0.956939
4205,0.992300
4206,0.999999
4207,0.987006
4208,0.940148
4209,0.980696
4210,0.999999
4211,0.959653
4212,0.992851
4213,0.986327
4214,0.987973
4215,0.914970
4216,0.994030
4217,0.955563
4218,0.993399
4219,0.930255
4220,0.970711
4221,0.995785
4222,0.984634
4223,0.916823
4224,0.858760
4225,0.984609
4226,0.937799
4227,0.960924
4228,0.977758
4229,0.934100
4230,0.973067
4231,0.993786
4232,0.801676
4233,0.647431
4234,0.985974
4235,0.989428
4236,0.961764
4237,0.963878
4238,0.992079
4239,0.985660
4240,0.988784
4241,0.940011
4242,0.957219
4243,0.952947
4244,0.974851
4245,0.985732
4246,0.994141
4247,0.968812
4248,0.872903
4249,0.969377
4250,0.955261
4251,0.931284
4252,0.984243
4253,0.935545
4254,0.988917
4255,0.964462
4256,0.970821
4257,0.999991
4258,0.983374
4259,0.976070
4260,0.969973
4261,0.985233
4262,0.833063
4263,0.976959
4264,0.990179
4265,0.982544
4266,0.945050
4267,0.936634
4268,0.983395
4269,0.969684
4270,0.977839
4271,0.911045
4272,0.974584
4273,0.989730
4274,0.964862
4275,0.830863
4276,0.987624
4277,0.962320
4278,0.987419
4279,0.918153
4280,0.982939
4281,1.000000
4282,0.976561
4283,0.973786
4284,0.965361
4285,0.950894
4286,0.945411
4287,0.962695
4288,0.987249
4289,0.960315
4290,0.982865
4291,0.994831
4292,0.969303
4293,0.982509
4294,0.982875
4295,0.993380
4296,0.989479
4297,0.992367
4298,0.793002
4299,0.979058
4300,0.984159
4301,0.936388
4302,0.969375
4303,0.954104
4304,0.962437
4305,0.962038
4306,0.971141
4307,0.979523
4308,0.999995
4309,0.984584
4310,0.948226
4311,0.974634
4312,0.999984
4313,0.996525
4314,0.990747
4315,0.983984
4316,0.994027
4317,0.946563
4318,0.976056
4319,0.955982
4320,0.961014
4321,0.931789
4322,0.953004
4323,0.976928
4324,0.994786
4325,0.990592
4326,0.945727
4327,0.869073
4328,0.976133
4329,0.986781
4330,0.996222
4331,0.388064
4332,0.934283
4333,0.988696
4334,0.181203
4335,0.934069
4336,0.974815
4337,0.944168
4338,0.934481
4339,0.929505
4340,0.996817
4341,0.994196
4342,0.994097
4343,0.954672
4344,0.980540
4345,0.931759
4346,0.973619
4347,0.990424
4348,1.000000
4349,0.988483
4350,0.969131
4351,0.980048
4352,0.984816
4353,0.975813
4354,0.991973
4355,0.879564
4356,0.999994
4357,0.983343
4358,0.928976
4359,0.964433
4360,0.914272
4361,0.994227
4362,0.972445
4363,0.978170
4364,0.849520
4365,0.992619
4366,0.896819
4367,0.966763
4368,0.992737
4369,0.993856
4370,0.968476
4371,0.979950
4372,0.748726
4373,0.986764
4374,0.996870
4375,0.981455
4376,0.899160
4377,0.965469
4378,0.999981
4379,0.929258
4380,0.996574
4381,0.928954
4382,0.990001
4383,0.917107
4384,0.995782
4385,0.976156
4386,0.942884
4387,0.952283
4388,0.918268
4389,0.929373
4390,0.960373
4391,0.970671
4392,0.994129
4393,0.964935
4394,0.972126
4395,0.954724
4396,0.985256
4397,0.964794
4398,0.988353
4399,0.992435
4400,0.955320
4401,0.982041
4402,0.937879
4403,0.983607
4404,0.982488
4405,0.993613
4406,0.885749
4407,0.850802
4408,0.934767
4409,0.973844
4410,0.950090
4411,0.921156
4412,0.976350
4413,0.943946
4414,0.999994
4415,0.984526
4416,0.999983
4417,0.925939
4418,0.934778
4419,0.999991
4420,0.974828
4421,0.931589
4422,0.951319
4423,0.969580
4424,0.999990
4425,0.972097
4426,0.991036
4427,0.952727
4428,0.993739
4429,0.879632
4430,0.975362
4431,0.984278
4432,0.997408
4433,0.387877
4434,0.993711
4435,0.961893
4436,0.970981
4437,0.945167
4438,0.950586
4439,0.888856
4440,0.924233
4441,0.967265
4442,0.975332
4443,0.956198
4444,0.967114
4445,0.959120
4446,0.931221
4447,0.979371
4448,0.951364
4449,0.987806
4450,0.948178
4451,0.976443
4452,0.982198
4453,0.975503
4454,0.999987
4455,0.897844
4456,0.935392
4457,0.999996
4458,0.849546
4459,0.953220
4460,0.988374
4461,0.563371
4462,0.981874
4463,0.999994
4464,0.993266
4465,0.986380
4466,0.373650
4467,0.993731
4468,0.953437
4469,0.999981
4470,0.985926
4471,0.939300
4472,0.971131
4473,0.999997
4474,0.945790
4475,0.970067
4476,0.984501
4477,0.947921
4478,0.999996
4479,0.884259
4480,0.965258
4481,0.979866
4482,0.999998
4483,0.941939
4484,0.959039
4485,0.999999
4486,0.942865
4487,0.999989
4488,0.973168
4489,0.994615
4490,0.949468
4491,0.990642
4492,0.897480
4493,0.997091
4494,0.838298
4495,0.980107
4496,0.967118
4497,0.976415
4498,0.466912
4499,0.967877
4500,0.982263
4501,0.943479
4502,0.982258
4503,0.967439
4504,0.984215
4505,0.934607
4506,0.933379
4507,0.973706
4508,0.936298
4509,0.947889
4510,0.955969
4511,0.643852
4512,0.889902
4513,0.921603
4514,0.989110
4515,0.975624
4516,0.958537
4517,0.969451
4518,0.974854
4519,0.982386
4520,0.989215
4521,0.980116
4522,0.951087
4523,0.978932
4524,0.956638
4525,0.999992
4526,0.978980
4527,0.970143
4528,0.961140
4529,0.975690
4530,0.980137
4531,0.997095
4532,0.999983
4533,0.980850
4534,0.932580
4535,0.409600
4536,0.928762
4537,0.980445
4538,0.864473
4539,0.981974
4540,0.993116
4541,0.960256
4542,0.985124
4543,0.963600
4544,0.961435
4545,0.987492
4546,0.984543
4547,0.996012
4548,0.955786
4549,0.936288
4550,0.984682
4551,0.994578
4552,0.999990
4553,0.961411
4554,0.999983
4555,0.986621
4556,0.932254
4557,0.991228
4558,0.965502
4559,0.973129
4560,0.959762
4561,0.952789
4562,0.973265
4563,0.950944
4564,0.743201
4565,0.985208
4566,0.942986
4567,0.944560
4568,0.973134
4569,0.894718
4570,0.999991
4571,0.982452
4572,0.944909
4573,0.761063
4574,0.964708
4575,0.984128
4576,0.882330
4577,0.975420
4578,0.971231
4579,0.981051
4580,0.938619
4581,0.995557
4582,0.986968
4583,1.000000
4584,0.988482
4585,0.991597
4586,0.983156
4587,0.996667
4588,0.965692
4589,0.958320
4590,0.853677
4591,0.877885
4592,0.818783
4593,0.989785
4594,0.970971
4595,0.999991
4596,0.890172
4597,0.964297
4598,0.937834
4599,0.925813
4600,0.995494
4601,0.954860
4602,0.958064
4603,0.044534
4604,0.992590
4605,0.854176
4606,0.999986
4607,0.944451
4608,0.956650
4609,0.924890
4610,0.978461
4611,0.944982
4612,0.934628
4613,0.988243
4614,0.976325
4615,0.949544
4616,0.959538
4617,0.272428
4618,0.942598
4619,0.977364
4620,0.944247
4621,0.995810
4622,0.992737
4623,0.977980
4624,0.947680
4625,0.877614
4626,0.913915
4627,0.944247
4628,0.939163
4629,0.934688
4630,0.996723
4631,0.960735
4632,0.999997
4633,0.948182
4634,0.979342
4635,0.912686
4636,0.970131
4637,0.992634
4638,0.846412
4639,0.990258
4640,0.993848
4641,0.971938
4642,0.947250
4643,0.951503
4644,0.644805
4645,0.990603
4646,0.978695
4647,0.984701
4648,0.883260
4649,0.973024
4650,0.979675
4651,0.949941
4652,0.966710
4653,0.956547
4654,0.991196
4655,0.987204
4656,0.970027
4657,0.980292
4658,0.995199
4659,0.979983
4660,0.960073
4661,0.986336
4662,0.969977
4663,0.983071
4664,0.999987
4665,0.980691
4666,0.718778
4667,0.965717
4668,0.999992
4669,0.984051
4670,0.999986
4671,0.939934
4672,0.986400
4673,0.981798
4674,0.984530
4675,0.949631
4676,0.969746
4677,0.944223
4678,0.996833
4679,0.996348
4680,0.934655
4681,0.895167
4682,0.947007
4683,0.999997
4684,0.986585
4685,0.973033
4686,0.920170
4687,0.896839
4688,0.994571
4689,0.980234
4690,0.891732
4691,0.995825
4692,0.960635
4693,0.975623
4694,0.967892
4695,0.982995
4696,0.985013
4697,0.994129
4698,0.943430
4699,0.889261
4700,0.983275
4701,0.910669
4702,0.976928
4703,0.932254
4704,0.960437
4705,0.983984
4706,0.968729
4707,0.963809
4708,0.926822
4709,0.979657
4710,0.927190
4711,0.960359
4712,0.921528
4713,0.975276
4714,0.500000
4715,0.974118
4716,0.999993
4717,0.984689
4718,0.993414
4719,0.953004
4720,0.990859
4721,0.925675
4722,0.966914
4723,0.965473
4724,0.970508
4725,0.991353
4726,0.983052
4727,0.973507
4728,0.954637
4729,0.986751
4730,0.954190
4731,0.966387
4732,0.845596
4733,0.957323
4734,0.934767
4735,0.959049
4736,0.877194
4737,0.815321
4738,0.981349
4739,0.944305
4740,0.996922
4741,0.997293
4742,0.961269
4743,0.953509
4744,0.955549
4745,0.969553
4746,0.941350
4747,0.990826
4748,0.177643
4749,0.962120
4750,0.979504
4751,0.956756
4752,0.529948
4753,0.966523
4754,0.995280
4755,0.979772
4756,0.933877
4757,0.986410
4758,0.960731
4759,0.960532
4760,0.987165
4761,0.984259
4762,0.972422
4763,0.928904
4764,0.964347
4765,0.977215
4766,0.994822
4767,0.968854
4768,0.967100
4769,0.999999
4770,0.951115
4771,0.990956
4772,0.946685
4773,0.974259
4774,0.919091
4775,0.993179
4776,0.978526
4777,0.958046
4778,0.993240
4779,0.931142
4780,0.682764
4781,0.986325
4782,0.978339
4783,0.991708
4784,0.982452
4785,0.993349
4786,0.989849
4787,0.996255
4788,0.897096
4789,0.960628
4790,0.994012
4791,0.933477
4792,0.965942
4793,0.952182
4794,0.968821
4795,0.959703
4796,0.984271
4797,0.950344
4798,0.947721
4799,0.887483
4800,0.934767
4801,0.984938
4802,0.984065
4803,0.988023
4804,0.983395
4805,0.980673
4806,0.978128
4807,0.953698
4808,0.997407
4809,0.996260
4810,0.997171
4811,0.968825
4812,0.940221
4813,0.943213
4814,0.971798
4815,0.984937
4816,0.996277
4817,0.923010
4818,0.914264
4819,0.822475
4820,0.936088
4821,0.995576
4822,0.979005
4823,0.927354
4824,0.973590
4825,0.947396
4826,0.947435
4827,0.952277
4828,0.860268
4829,0.730176
4830,0.975531
4831,0.972935
4832,0.961278
4833,0.942713
4834,0.974292
4835,0.996535
4836,0.978005
4837,0.978576
4838,0.951786
4839,0.979342
4840,0.934398
4841,0.960579
4842,0.987454
4843,0.989463
4844,0.984586
4845,0.992232
4846,0.952877
4847,0.975051
4848,0.954437
4849,0.977555
4850,0.884074
4851,0.992056
4852,0.985543
4853,0.972479
4854,0.967266
4855,0.972916
4856,0.982331
4857,0.981480
4858,0.979956
4859,0.949777
4860,0.999981
4861,0.974882
4862,0.989335
4863,0.981566
4864,0.967184
4865,0.958468
4866,0.984348
4867,0.980437
4868,0.993362
4869,0.954705
4870,0.950105
4871,0.990385
4872,0.944305
4873,0.946453
4874,0.983673
4875,0.887131
4876,0.930253
4877,0.968782
4878,0.980062
4879,0.189843
4880,0.992084
4881,0.986532
4882,0.977359
4883,0.978570
4884,0.966955
4885,0.978635
4886,0.981806
4887,0.954488
4888,0.988483
4889,0.999988
4890,0.966649
4891,0.993072
4892,0.983399
4893,0.966493
4894,0.977580
4895,0.810920
4896,0.934753
4897,0.924626
4898,0.938850
4899,0.949701
4900,0.994050
4901,0.985805
4902,0.977999
4903,0.982704
4904,0.979513
4905,0.978336
4906,0.950784
4907,0.995227
4908,0.960067
4909,0.850151
4910,0.995533
4911,0.482119
4912,0.953972
4913,0.987328
4914,0.934748
4915,0.984526
4916,0.908399
4917,0.964417
4918,0.979159
4919,0.372574
4920,0.972561
4921,0.929432
4922,0.986138
4923,0.982929
4924,0.999999
4925,0.972843
4926,0.829921
4927,0.971605
4928,0.971922
4929,0.923088
4930,0.981874
4931,0.977669
4932,0.961625
4933,0.947007
4934,0.993961
4935,0.970105
4936,0.989032
4937,0.965517
4938,0.984138
4939,0.982811
4940,0.952674
4941,0.916247
4942,0.898010
4943,0.994130
4944,0.944664
4945,0.962471
4946,0.976238
4947,0.695116
4948,0.908266
4949,0.999985
4950,0.939437
4951,0.990448
4952,0.991871
4953,0.988019
4954,0.950892
4955,0.989312
4956,0.954676
4957,0.963687
4958,0.927685
4959,0.999986
4960,0.970486
4961,0.912408
4962,0.960830
4963,0.965758
4964,1.000000
4965,0.980722
4966,0.994763
4967,0.978957
4968,0.940694
4969,0.952717
4970,0.995738
4971,0.985224
4972,0.954799
4973,0.727031
4974,0.995789
4975,0.960242
4976,0.914279
4977,0.929880
4978,0.991472
4979,0.972535
4980,0.926920
4981,0.928638
4982,0.977584
4983,0.973515
4984,0.997044
4985,0.971228
4986,0.939658
4987,0.963977
4988,0.986680
4989,0.929779
4990,0.992718
4991,0.965708
4992,0.996991
4993,0.970688
4994,0.971748
4995,0.999997
4996,0.919448
4997,0.838760
4998,0.992870
4999,0.974794
5000,0.957817
5001,0.994223
5002,0.947726
5003,0.969468
5004,0.982790
5005,0.978262
5006,0.983177
5007,0.984208
5008,0.982587
5009,0.999995
5010,0.976891
5011,0.978453
5012,0.987287
5013,0.950875
5014,0.952958
5015,0.975051
5016,0.955663
5017,0.999992
5018,0.843116
5019,0.897445
5020,0.979564
5021,0.999993
5022,0.946461
5023,0.977026
5024,0.994529
5025,0.987040
5026,0.925029
5027,0.973194
5028,0.993255
5029,0.996277
5030,0.986099
5031,0.922374
5032,0.967232
5033,0.953739
5034,0.277411
5035,0.974717
5036,0.985330
5037,0.977060
5038,0.956624
5039,0.959940
5040,0.979895
5041,0.975442
5042,0.923402
5043,0.917306
5044,0.975968
5045,0.904934
5046,0.869159
5047,0.995711
5048,0.948084
5049,0.978825
5050,0.959786
5051,0.995784
5052,0.975777
5053,0.967759
5054,0.953823
5055,0.996422
5056,0.985802
5057,0.661316
5058,0.985600
5059,0.993930
5060,0.995265
5061,0.970188
5062,0.327384
5063,0.745978
5064,0.959540
5065,0.933015
5066,0.941452
5067,0.992651
5068,0.934794
5069,0.602621
5070,0.966475
5071,0.866739
5072,0.991215
5073,0.906780
5074,0.945637
5075,0.990364
5076,0.913459
5077,0.927398
5078,0.937979
5079,0.983442
5080,0.977520
5081,0.983551
5082,0.980450
5083,0.999982
5084,0.974656
5085,0.957274
5086,0.983897
5087,0.855391
5088,0.999986
5089,0.971519
5090,0.938062
5091,0.363932
5092,0.975712
5093,0.949033
5094,0.983321
5095,0.926467
5096,0.975575
5097,0.978083
5098,0.982497
5099,0.983422
5100,0.933794
5101,0.894667
5102,0.978358
5103,0.961065
5104,0.977205
5105,0.437214
5106,0.957467
5107,0.961543
5108,0.999989
5109,0.987048
5110,0.939393
5111,0.883957
5112,0.328147
5113,0.982431
5114,0.905060
5115,0.966564
5116,0.986680
5117,0.991675
5118,0.986145
5119,0.986143
5120,0.996933
5121,0.997092
5122,0.259261
5123,0.968350
5124,0.873262
5125,0.959465
5126,0.955913
5127,0.973020
5128,0.992026
5129,0.954970
5130,0.993668
5131,0.909262
5132,0.992699
5133,0.994179
5134,0.959751
5135,0.929152
5136,0.957691
5137,0.936640
5138,0.977725
5139,0.910278
5140,0.991401
5141,0.956646
5142,0.953817
5143,0.972870
5144,0.966716
5145,0.958469
5146,0.995133
5147,0.934607
5148,0.997127
5149,0.979095
5150,0.970442
5151,0.991653
5152,0.970433
5153,0.916108
5154,0.992059
5155,0.984155
5156,0.933477
5157,0.942997
5158,0.751465
5159,0.929624
5160,0.915623
5161,0.991759
5162,0.965352
5163,0.994581
5164,0.969513
5165,0.971235
5166,0.932078
5167,0.990187
5168,0.967148
5169,0.989166
5170,0.958529
5171,0.288991
5172,0.949680
5173,0.987125
5174,0.972126
5175,0.999994
5176,0.994169
5177,0.919762
5178,0.956439
5179,0.943150
5180,0.976816
5181,0.988036
5182,0.980742
5183,0.968359
5184,0.990268
5185,0.869073
5186,0.938800
5187,0.981725
5188,0.953480
5189,0.535776
5190,0.954833
5191,0.976674
5192,0.969108
5193,0.934764
5194,0.974923
5195,0.956562
5196,0.974900
5197,0.989991
5198,0.989307
5199,0.963253
5200,0.983374
5201,0.976713
5202,0.966341
5203,0.958739
5204,0.982197
5205,0.988625
5206,0.478013
5207,0.963272
5208,0.985709
5209,0.937155
5210,0.948003
5211,0.991769
5212,0.992195
5213,0.944484
5214,0.994193
5215,0.920894
5216,0.999994
5217,0.996328
5218,0.962769
5219,0.999986
5220,0.956765
5221,0.995838
5222,0.981552
5223,0.986597
5224,0.984162
5225,0.934805
5226,0.982038
5227,0.897150
5228,0.962073
5229,0.981258
5230,0.944228
5231,0.931423
5232,0.992617
5233,0.829702
5234,0.944092
5235,0.953278
5236,0.962378
5237,0.993959
5238,0.229960
5239,0.973322
5240,0.828122
5241,0.994776
5242,0.288580
5243,0.913740
5244,0.981002
5245,0.964684
5246,0.999987
5247,0.800491
5248,0.984265
5249,0.999994
5250,0.987408
5251,0.977855
5252,0.943363
5253,0.989364
5254,0.995386
5255,0.969629
5256,0.985236
5257,0.844546
5258,0.959637
5259,0.909824
5260,0.976726
5261,0.950658
5262,0.951253
5263,0.968948
5264,0.955763
5265,0.981075
5266,0.974259
5267,0.564962
5268,0.974008
5269,0.928885
5270,0.987701
5271,0.966143
5272,0.957977
5273,0.985618
5274,0.963872
5275,0.947145
5276,0.913602
5277,0.867259
5278,0.996699
5279,0.986059
5280,0.851353
5281,0.972889
5282,0.956667
5283,0.934564
5284,0.991504
5285,0.977384
5286,0.967680
5287,0.968039
5288,0.907099
5289,0.993553
5290,0.936180
5291,0.944276
5292,0.961159
5293,0.962941
5294,0.990940
5295,0.930327
5296,0.940218
5297,0.952674
5298,0.997401
5299,0.983755
5300,0.999990
5301,0.948460
5302,0.981580
5303,0.781983
5304,0.993494
5305,0.961161
5306,0.992450
5307,0.975503
5308,0.953739
5309,0.974999
5310,0.816569
5311,0.993015
5312,0.809727
5313,0.975503
5314,0.973905
5315,0.913144
5316,0.975697
5317,0.991299
5318,0.968876
5319,0.941441
5320,0.983073
5321,0.977198
5322,0.927391
5323,0.943183
5324,0.974744
5325,0.923648
5326,0.993830
5327,0.983463
5328,0.988913
5329,0.928387
5330,0.963902
5331,0.939749
5332,0.994039
5333,0.939180
5334,0.955451
5335,0.986692
5336,0.645784
5337,0.912665
5338,0.972966
5339,0.994136
5340,0.990871
5341,0.991759
5342,0.836562
5343,0.955272
5344,0.992479
5345,0.977384
5346,0.963851
5347,0.950892
5348,0.915007
5349,0.981476
5350,0.944297
5351,0.981613
5352,0.956896
5353,0.943306
5354,0.976141
5355,0.973697
5356,0.984136
5357,0.955779
5358,0.965224
5359,0.940960
5360,0.990605
5361,0.947197
5362,0.996291
5363,0.930247
5364,0.971271
5365,0.977283
5366,0.919608
5367,0.926467
5368,0.957634
5369,0.915434
5370,0.958709
5371,0.931146
5372,0.999986
5373,0.980688
5374,0.999989
5375,0.929262
5376,0.814745
5377,0.830863
5378,0.981889
5379,0.991101
5380,0.985600
5381,0.994452
5382,0.980306
5383,0.994308
5384,0.953268
5385,0.970090
5386,0.860550
5387,0.956516
5388,0.996222
5389,0.986099
5390,0.983490
5391,0.900105
5392,0.996263
5393,0.938325
5394,0.952115
5395,0.988548
5396,0.967433
5397,0.975051
5398,0.932131
5399,0.967760
5400,0.999997
5401,0.988267
5402,0.991178
5403,0.959012
5404,0.996017
5405,0.989252
5406,0.980270
5407,0.999999
5408,0.890054
5409,0.943794
5410,0.965329
5411,0.986144
5412,0.979688
5413,0.991544
5414,0.970712
5415,0.999985
5416,0.958064
5417,0.984240
5418,0.993084
5419,0.986262
5420,0.972134
5421,0.996430
5422,0.999999
5423,0.924602
5424,0.992131
5425,0.978511
5426,0.987005
5427,0.945899
5428,0.976201
5429,0.941872
5430,0.957292
5431,0.963293
5432,0.890162
5433,0.934331
5434,0.923658
5435,0.999991
5436,0.978695
5437,0.969382
5438,0.891365
5439,0.985636
5440,0.949008
5441,0.999989
5442,0.981291
5443,0.971963
5444,0.953697
5445,0.966812
5446,0.988229
5447,0.938966
5448,0.989685
5449,0.970751
5450,0.967425
5451,0.990830
5452,0.550912
5453,0.958672
5454,0.955599
5455,0.985936
5456,0.986300
5457,0.979634
5458,0.990980
5459,0.975299
5460,0.303156
5461,0.990713
5462,0.903353
5463,0.978927
5464,0.972164
5465,0.937346
5466,0.997067
5467,0.975800
5468,0.933268
5469,0.991631
5470,0.847184
5471,0.965258
5472,0.892524
5473,0.999997
5474,0.960032
5475,0.980682
5476,0.992084
5477,0.955392
5478,0.967059
5479,0.989798
5480,0.950519
5481,0.999984
5482,0.988725
5483,0.967683
5484,0.830262
5485,0.959030
5486,0.950992
5487,0.966213
5488,0.996325
5489,0.982165
5490,0.962610
5491,0.962275
5492,0.572856
5493,0.787885
5494,0.980724
5495,0.984181
5496,0.944794
5497,0.931496
5498,0.950922
5499,0.983028
5500,0.930109
5501,0.974323
5502,0.976169
5503,0.999983
5504,0.977398
5505,0.973789
5506,0.932178
5507,0.996928
5508,0.983534
5509,0.957874
5510,0.983170
5511,0.723251
5512,0.993150
5513,0.816581
5514,0.992893
5515,0.989991
5516,0.978150
5517,0.961800
5518,0.980437
5519,0.992451
5520,0.935667
5521,0.996907
5522,0.866214
5523,0.961360
5524,0.973326
5525,0.968456
5526,0.893024
5527,0.970183
5528,0.962843
5529,0.999999
5530,0.992684
5531,0.958504
5532,0.953215
5533,0.974171
5534,0.977432
5535,0.119878
5536,0.976169
5537,0.975948
5538,0.955939
5539,0.951188
5540,0.980337
5541,0.977154
5542,0.955658
5543,0.977492
5544,0.911668
5545,0.987418
5546,0.915665
5547,0.988483
5548,0.982439
5549,0.962903
5550,0.987200
5551,0.980888
5552,0.986154
5553,0.916611
5554,0.970153
5555,0.971205
5556,0.999984
5557,0.278623
5558,0.926525
5559,0.979958
5560,0.990088
5561,0.972501
5562,0.944484
5563,0.939270
5564,0.926467
5565,0.937283
5566,0.982911
5567,0.972988
5568,0.850478
5569,0.964347
5570,0.867259
5571,0.968885
5572,0.965993
5573,0.973257
5574,0.999983
5575,0.980838
5576,0.996648
5577,0.999991
5578,0.828370
5579,0.991317
5580,0.953038
5581,0.814677
5582,0.992618
5583,0.955634
5584,0.994353
5585,0.941873
5586,0.919155
5587,0.980763
5588,0.960168
5589,0.970999
5590,0.957539
5591,0.983101
5592,0.987456
5593,0.966735
5594,0.980881
5595,0.982312
5596,0.978931
5597,0.972422
5598,0.981441
5599,0.973962
5600,0.969838
5601,0.975276
5602,0.989243
5603,0.967878
5604,0.968459
5605,0.972149
5606,0.919497
5607,0.987901
5608,0.991179
5609,0.969134
5610,0.867259
5611,0.948003
5612,0.995478
5613,0.975265
5614,0.974515
5615,0.939749
5616,0.994258
5617,0.505192
5618,0.989538
5619,0.984265
5620,0.966518
5621,0.861155
5622,0.975244
5623,0.993769
5624,0.942764
5625,0.965454
5626,0.976599
5627,0.905028
5628,0.989430
5629,0.983056
5630,0.947751
5631,0.523138
5632,0.971959
5633,0.948952
5634,0.989856
5635,0.968263
5636,0.958782
5637,0.959795
5638,0.933723
5639,0.957219
5640,0.442565
5641,0.994577
5642,0.960735
5643,0.934767
5644,0.985955
5645,0.996929
5646,0.928064
5647,0.974059
5648,0.991218
5649,0.645359
5650,0.968154
5651,0.951454
5652,0.956939
5653,0.916593
5654,0.990155
5655,0.956314
5656,0.893536
5657,0.999993
5658,0.999998
5659,0.963651
5660,0.982906
5661,0.982505
5662,0.953573
5663,0.999996
5664,0.958064
5665,0.973590
5666,0.361591
5667,0.832454
5668,0.949416
5669,0.984524
5670,0.999985
5671,0.988315
5672,0.992820
5673,0.978302
5674,0.946693
5675,0.980445
5676,0.961574
5677,0.974642
5678,0.983613
5679,0.933276
5680,0.976064
5681,0.967541
5682,0.959818
5683,0.973728
5684,0.983437
5685,0.996124
5686,0.995342
5687,0.914633
5688,0.991837
5689,0.984265
5690,0.965553
5691,0.990356
5692,0.994827
5693,0.929526
5694,0.963272
5695,0.992596
5696,0.702886
5697,0.989803
5698,0.989980
5699,0.987567
5700,0.979801
5701,0.982293
5702,0.963669
5703,0.962388
5704,0.988139
5705,0.952940
5706,0.987676
5707,0.934257
5708,0.971275
5709,0.932697
5710,0.974259
5711,0.974174
5712,0.995279
5713,0.983315
5714,0.995387
5715,0.985127
5716,0.973804
5717,0.968863
5718,0.975931
5719,0.984235
5720,0.999999
5721,0.984816
5722,0.979400
5723,0.954181
5724,0.985574
5725,0.821958
5726,0.983161
5727,0.987419
5728,0.952732
5729,0.954327
5730,0.941925
5731,0.985620
5732,0.981732
5733,0.979165
5734,0.915837
5735,0.968950
5736,0.987375
5737,0.926738
5738,0.759495
5739,0.956750
5740,0.997180
5741,0.983515
5742,0.982367
5743,0.929449
5744,0.999993
5745,0.889902
5746,0.088764
5747,0.895374
5748,0.999995
5749,0.976435
5750,0.989335
5751,0.994294
5752,0.970769
5753,0.970182
5754,0.163271
5755,0.957606
5756,0.989906
5757,0.928364
5758,0.934773
5759,0.950560
5760,0.999998
5761,0.947145
5762,0.975011
5763,0.991649
5764,0.949413
5765,0.984468
5766,0.994661
5767,0.934698
5768,0.970217
5769,0.573812
5770,0.974699
5771,0.959266
5772,0.970030
5773,0.953401
5774,0.824841
5775,0.983354
5776,0.963786
5777,0.897921
5778,0.965413
5779,0.922583
5780,0.968671
5781,0.931177
5782,0.982009
5783,0.928387
5784,0.999995
5785,0.954327
5786,0.961157
5787,0.949316
5788,0.988077
5789,0.980143
5790,0.917316
5791,0.334174
5792,0.940386
5793,0.994334
5794,0.978648
5795,0.921586
5796,0.931350
5797,0.993961
5798,0.982534
5799,0.975873
5800,0.967221
5801,0.933268
5802,0.849619
5803,0.995223
5804,0.986185
5805,0.972657
5806,0.920849
5807,0.847312
5808,0.877879
5809,0.957196
5810,0.936531
5811,0.947637
5812,0.994615
5813,0.004217
5814,0.921579
5815,0.951641
5816,0.922823
5817,0.934121
5818,0.999999
5819,0.766392
5820,0.970343
5821,0.966048
5822,0.892428
5823,0.984977
5824,0.985707
5825,0.824802
5826,0.951722
5827,0.958913
5828,0.932263
5829,0.987889
5830,0.995668
5831,0.983940
5832,0.974470
5833,0.996463
5834,0.968539
5835,0.966610
5836,0.916771
5837,0.964181
5838,0.950284
5839,0.934724
5840,0.870042
5841,0.293727
5842,0.996947
5843,0.992594
5844,0.992442
5845,0.999989
5846,0.933696
5847,0.960067
5848,0.999997
5849,0.994281
5850,0.992944
5851,0.966871
5852,0.995498
5853,0.974186
5854,0.604762
5855,0.935906
5856,0.938911
5857,0.983044
5858,0.992472
5859,0.999991
5860,0.591795
5861,0.994258
5862,0.959326
5863,0.990089
5864,0.963278
5865,0.972971
5866,0.983414
5867,0.965576
5868,0.959807
5869,0.982505
5870,0.966451
5871,0.984598
5872,0.987163
5873,0.977328
5874,0.956338
5875,0.961190
5876,0.956708
5877,0.952928
5878,0.996411
5879,0.968885
5880,0.957177
5881,0.958133
5882,0.971157
5883,0.889801
5884,0.852365
5885,0.961307
5886,0.797624
5887,0.952033
5888,0.968043
5889,0.960362
5890,0.981750
5891,0.957058
5892,0.997019
5893,0.958242
5894,0.970147
5895,0.946951
5896,0.250100
5897,0.952603
5898,0.933666
5899,0.985856
5900,0.971111
5901,0.973876
5902,0.984526
5903,0.931142
5904,0.955777
5905,0.991234
5906,0.959857
5907,0.950517
5908,0.982432
5909,0.833225
5910,0.999985
5911,0.766916
5912,0.975074
5913,0.904542
5914,0.951591
5915,0.983495
5916,0.972375
5917,0.966460
5918,0.971879
5919,0.993403
5920,0.970636
5921,0.976873
5922,0.984003
5923,0.967084
5924,0.968782
5925,0.994736
5926,0.975000
5927,0.988181
5928,0.891942
5929,0.627078
5930,0.997126
5931,0.963631
5932,0.980682
5933,0.949937
5934,0.970450
5935,0.980674
5936,0.942127
5937,0.995682
5938,0.991500
5939,0.979451
5940,0.989684
5941,0.999984
5942,0.646050
5943,0.990888
5944,0.999998
5945,0.788845
5946,0.952951
5947,0.982745
5948,0.923533
5949,0.985707
5950,0.943687
5951,0.930586
5952,0.928570
5953,0.875793
5954,0.911780
5955,0.964532
5956,0.991225
5957,0.979075
5958,0.972882
5959,0.969278
5960,0.559786
5961,0.996668
5962,0.928798
5963,0.955599
5964,0.999981
5965,0.833911
5966,0.840327
5967,0.964715
5968,0.999994
5969,0.990057
5970,0.995774
5971,0.926860
5972,0.961450
5973,0.985877
5974,0.978419
5975,0.969933
5976,0.996313
5977,0.665995
5978,0.970240
5979,0.927321
5980,0.981418
5981,0.970182
5982,0.908502
5983,0.961474
5984,0.954833
5985,0.988835
5986,0.980605
5987,0.938863
5988,0.956939
5989,0.944962
5990,0.961180
5991,0.915887
5992,0.987701
5993,0.919538
5994,0.907236
5995,0.976877
5996,0.981931
5997,0.952864
5998,0.984873
5999,0.997457
6000,0.992252
6001,0.964134
6002,0.907971
6003,0.990713
6004,0.989110
6005,0.978404
6006,0.933045
6007,0.970599
6008,0.986781
6009,0.978236
6010,0.982665
6011,0.979903
6012,0.996689
6013,0.990187
6014,0.963155
6015,0.974847
6016,0.967102
6017,0.941900
6018,1.000000
6019,0.983743
6020,0.991636
6021,0.992179
6022,0.946294
6023,0.942365
6024,0.978702
6025,0.965023
6026,0.970659
6027,0.986957
6028,0.992830
6029,0.978659
6030,0.970646
6031,0.989236
6032,0.977335
6033,0.965321
6034,0.945619
6035,0.980765
6036,0.989643
6037,0.975545
6038,0.996434
6039,0.952243
6040,0.932628
6041,0.991781
6042,0.909332
6043,0.996367
6044,0.979128
6045,0.993427
6046,0.964583
6047,0.977164
6048,0.952045
6049,0.980765
6050,0.973275
6051,0.915714
6052,0.976209
6053,0.973782
6054,0.984276
6055,0.958672
6056,0.995941
6057,0.940071
6058,0.927095
6059,0.973841
6060,0.984754
6061,0.982629
6062,0.969180
6063,0.933287
6064,0.971967
6065,0.979285
6066,0.978339
6067,0.995706
6068,0.961180
6069,0.978103
6070,0.966164
6071,0.958435
6072,0.999996
6073,0.966095
6074,0.960105
6075,0.964556
6076,0.931399
6077,0.976143
6078,0.974717
6079,0.966482
6080,0.990572
6081,0.969445
6082,0.848585
6083,0.971250
6084,0.970792
6085,0.981822
6086,0.974333
6087,0.994359
6088,0.916811
6089,0.987994
6090,0.927350
6091,0.967214
6092,0.918836
6093,0.988050
6094,0.974717
6095,0.988255
6096,0.913119
6097,0.853514
6098,0.999981
6099,0.999991
6100,0.977706
6101,0.938809
6102,0.986833
6103,0.999995
6104,0.964662
6105,0.906749
6106,0.891576
6107,0.954707
6108,0.873545
6109,0.960250
6110,0.968333
6111,0.960345
6112,0.981950
6113,0.547167
6114,0.971585
6115,0.972196
6116,0.968507
6117,0.978396
6118,0.882398
6119,0.985871
6120,0.967232
6121,0.952950
6122,0.964332
6123,0.828831
6124,0.932288
6125,0.523138
6126,0.954101
6127,0.980070
6128,0.958579
6129,0.944804
6130,0.958486
6131,0.963918
6132,0.854543
6133,0.976960
6134,0.991959
6135,0.947007
6136,0.996922
6137,0.992855
6138,0.973270
6139,0.988981
6140,0.936305
6141,0.984018
6142,0.981687
6143,0.914881
6144,0.990607
6145,0.995941
6146,0.994301
6147,0.969274
6148,0.984655
6149,0.995020
6150,0.931174
6151,0.974431
6152,0.993252
6153,0.955022
6154,0.947732
6155,0.996377
6156,0.999992
6157,0.999994
6158,0.977779
6159,0.975566
6160,0.981494
6161,0.592904
6162,0.474149
6163,0.986211
6164,0.976171
6165,0.972207
6166,0.967664
6167,0.952674
6168,0.986588
6169,0.983976
6170,0.980346
6171,0.977754
6172,0.952011
6173,0.830205
6174,0.992690
6175,0.963289
6176,0.736983
6177,0.978093
6178,0.906925
6179,0.980382
6180,0.974892
6181,0.912374
6182,0.972358
6183,0.999989
6184,0.984038
6185,0.978787
6186,0.989786
6187,0.934878
6188,0.974352
6189,0.960415
6190,0.789588
6191,0.974352
6192,0.981002
6193,0.996584
6194,0.983909
6195,0.893002
6196,0.999988
6197,0.730358
6198,0.923533
6199,0.994256
6200,0.818548
6201,0.523185
6202,0.999999
6203,0.937225
6204,0.981561
6205,0.924544
6206,0.968861
6207,0.928105
6208,0.984208
6209,0.968576
6210,0.894890
6211,0.974217
6212,0.989785
6213,0.922526
6214,0.967176
6215,0.951454
6216,0.996490
6217,0.967269
6218,0.994720
6219,0.975553
6220,0.980005
6221,0.999987
6222,0.984830
6223,0.963456
6224,0.303643
6225,0.999998
6226,0.955217
6227,0.945461
6228,0.988927
6229,0.924544
6230,0.969476
6231,0.980527
6232,0.946131
6233,0.957182
6234,0.978579
6235,0.947306
6236,0.985000
6237,0.936426
6238,0.983884
6239,0.961626
6240,0.936366
6241,0.896004
6242,0.915749
6243,0.970421
6244,0.988257
6245,0.922964
6246,0.956324
6247,0.987722
6248,0.997301
6249,0.966263
6250,0.981385
6251,0.996684
6252,0.979299
6253,0.996695
6254,0.985332
6255,0.976945
6256,0.964616
6257,0.937902
6258,0.841467
6259,0.970393
6260,0.982553
6261,0.972145
6262,0.921181
6263,0.953827
6264,0.924673
6265,0.992855
6266,0.999999
6267,0.966099
6268,0.978973
6269,0.259514
6270,0.187917
6271,0.950988
6272,0.990043
6273,0.984159
6274,0.969852
6275,0.995504
6276,0.930767
6277,0.988959
6278,0.967878
6279,0.930229
6280,0.986339
6281,0.960158
6282,0.981494
6283,0.989681
6284,0.969695
6285,0.956657
6286,0.935553
6287,0.934768
6288,0.973951
6289,0.993824
6290,0.969982
6291,0.951652
6292,0.975709
6293,0.981677
6294,0.891484
6295,0.970510
6296,0.968219
6297,0.993497
6298,0.955558
6299,0.917314
6300,0.955991
6301,0.972885
6302,0.954199
6303,0.543539
6304,0.980445
6305,0.728766
6306,0.979992
6307,0.987918
6308,0.988496
6309,0.982891
6310,0.980517
6311,0.895480
6312,0.985157
6313,0.997155
6314,0.962666
6315,0.930722
6316,0.999993
6317,0.974661
6318,0.908381
6319,0.954998
6320,0.986642
6321,0.941855
6322,0.972131
6323,0.991228
6324,0.977226
6325,0.940820
6326,0.965524
6327,0.972024
6328,0.565953
6329,0.978260
6330,0.999989
6331,0.975027
6332,0.963293
6333,0.975420
6334,0.828122
6335,0.989904
6336,0.985130
6337,0.975051
6338,0.955681
6339,0.964452
6340,0.959044
6341,0.986586
6342,0.970067
6343,0.966772
6344,0.983489
6345,0.916643
6346,0.976442
6347,0.999987
6348,0.978617
6349,0.988320
6350,0.969794
6351,0.999989
6352,0.986784
6353,0.987796
6354,0.993711
6355,0.937225
6356,0.992789
6357,0.949470
6358,0.944484
6359,0.969052
6360,0.957622
6361,0.982042
6362,0.967008
6363,0.957065
6364,0.971903
6365,0.939612
6366,0.970767
6367,0.930850
6368,0.963289
6369,0.992365
6370,0.991435
6371,0.955886
6372,0.967428
6373,0.462083
6374,0.958519
6375,0.990668
6376,0.943363
6377,0.937843
6378,0.975225
6379,0.941925
6380,0.993468
6381,0.974341
6382,0.988397
6383,0.904529
6384,0.972994
6385,0.934835
6386,0.966956
6387,0.989407
6388,0.994133
6389,0.955190
6390,0.957039
6391,0.996921
6392,0.999991
6393,0.887763
6394,0.934882
6395,0.934634
6396,0.943615
6397,0.959245
6398,0.938809
6399,0.986721
6400,0.987334
6401,0.967792
6402,0.973219
6403,0.962769
6404,0.999999
6405,0.995936
6406,0.948224
6407,0.958121
6408,0.971711
6409,0.664833
6410,0.718198
6411,0.977864
6412,0.982713
6413,0.961508
6414,0.891323
6415,0.970610
6416,0.999984
6417,0.884901
6418,0.986913
6419,0.953739
6420,0.996540
6421,0.970061
6422,0.981046
6423,0.959342
6424,0.984181
6425,0.934725
6426,0.962826
6427,0.914231
6428,0.985600
6429,0.985760
6430,0.989091
6431,0.983716
6432,0.990092
6433,0.982194
6434,0.980922
6435,0.967253
6436,0.966649
6437,0.930108
6438,0.938866
6439,0.999992
6440,0.994129
6441,0.637460
6442,0.993797
6443,0.874795
6444,0.992979
6445,0.847803
6446,0.973374
6447,0.997327
6448,0.955942
6449,0.953834
6450,0.995138
6451,0.942756
6452,0.982349
6453,0.993320
6454,0.988917
6455,0.625121
6456,0.260742
6457,0.981243
6458,0.951970
6459,0.949209
6460,0.979226
6461,0.991786
6462,0.958064
6463,0.977872
6464,0.938439
6465,0.983445
6466,0.934790
6467,0.985471
6468,0.941367
6469,0.908889
6470,0.983332
6471,0.954084
6472,0.960708
6473,0.994923
6474,0.982767
6475,0.966400
6476,0.993324
6477,0.983742
6478,0.917826
6479,0.287953
6480,0.932066
6481,0.935216
6482,0.999982
6483,0.946887
6484,0.934991
6485,0.923103
6486,0.929862
6487,0.995693
6488,0.947895
6489,0.985712
6490,0.983850
6491,0.999988
6492,0.922844
6493,0.974478
6494,0.983433
6495,0.830863
6496,0.981627
6497,0.984887
6498,0.983502
6499,0.965645
6500,0.993756
6501,0.934841
6502,0.945451
6503,0.981046
6504,0.936826
6505,0.965571
6506,0.950992
6507,0.981796
6508,0.965437
6509,0.979872
6510,0.992301
6511,0.980036
6512,0.997087
6513,0.864184
6514,0.984265
6515,0.958961
6516,0.997412
6517,0.987055
6518,0.985946
6519,0.950090
6520,0.664725
6521,0.500000
6522,0.999989
6523,0.978279
6524,0.989952
6525,0.881735
6526,0.966723
6527,0.993302
6528,0.999988
6529,0.922663
6530,0.960635
6531,0.955103
6532,0.994365
6533,0.973033
6534,0.960415
6535,0.984148
6536,0.846856
6537,0.989753
6538,0.999995
6539,0.996475
6540,0.941354
6541,0.992451
6542,0.641924
6543,0.957740
6544,0.983026
6545,0.980837
6546,0.963070
6547,0.992079
6548,0.983054
6549,0.960424
6550,0.982505
6551,0.950944
6552,0.969522
6553,0.980279
6554,0.896427
